	18.SPF.CD	11.CON.HFD	20.SPF.HFD	24.SPF.HFD	2.CON.HFD	23.SPF.HFD	17.SPF.CD	1.CON.CD	3.CON.CD	13.SPF.CD	21.SPF.HFD	14.SPF.CD	16.SPF.CD	10.CON.HFD	12.CON.CD	15.SPF.CD	22.SPF.HFD	9.CON.CD	5.CON.CD	6.CON.HFD	8.CON.HFD	19.SPF.HFD	7.CON.CD	4.CON.HFD
OTU_1	1338.87733372951	1256.04164676664	1872.85754757071	3308.04863390504	2403.57544063529	2919.7857336588	1407.81019041822	27.1250765149969	4.12409384097266	856.238917982764	2721.72946812188	323.331412657255	656.004952538176	1081.9093590775	33.4137636354497	576.01742838602	1196	289.805801496845	29.1087039148613	4.03255813953488	1573.66592335218	2179.42326490714	1.28171012950151	1343.54435957697
OTU_3	1727.44515426138	253.278727672175	1402.76689173238	811.647635338172	124.824714313384	1259.36172136335	804.103990957308	31.2528055498878	391.788914892403	783.54500845326	265.464961232653	1601.39249015654	975.807366900537	366.578171091445	1913.30116121249	1870.04727913229	92	2223.72939392457	922.141771189662	1069.3	571.765285484624	866.617790811339	1334.90109987582	699.010967489228
OTU_12	817.208933788937	20.7039831884612	252.4434581425	186.378345892469	184.718187100523	105.164542084802	655.847317624554	284.223627831055	1227.33032707346	610.152158673869	9.99061682058373	158.196485162777	46.9639909203467	59.6755162241888	223.000552958327	269.924446092519	101	434.001858826982	269.118206005321	178.104651162791	41.2150598973189	465.298142717498	101.255100230619	37.4975518997258
OTU_31	168.880305056208	185.645715923202	60.0406062609188	162.997549812769	110.271160178191	101.898562516951	105.538648813147	126.78024892879	28.0438381186141	92.9528679229722	201.239567386044	85.3428406799193	180.401361947998	152.676320729418	106.778766400241	83.7234634282006	163	48.7721958616641	90.6214367160775	150.548837209302	158.115957060623	98.0449657869013	140.988114245166	137.255189972581
OTU_16	160.293170900807	298.137357913841	133.726804853865	212.431232952707	112.510168506682	137.171141849742	90.4616989826972	155.084676596613	38.766482105143	108.445012576801	367.511975900044	99.2197253433208	345.89352042922	246.452131938858	140.192530035691	169.456289978678	179	33.2216406593944	193.874952489548	176.088372093023	221.811958720116	170.332355816227	248.010910058542	162.017724245985
OTU_13	269.063536869212	46.929028560512	98.2482647905945	18.036614118626	113.069920588805	52.9088689991863	774.578297539344	850.901856763926	1394.76853701695	785.928415323079	7.13615487184552	906.160568520119	410.00309533636	51.1504424778761	1205.07464937415	448.757763975155	46	481.360367852076	961.136450019004	105.518604651163	62.946636934087	11.6324535679374	201.869345396487	62.2600861731297
OTU_2	933.135244886842	17.2533193237176	246.985221209689	226.459710600527	6.15727290335076	94.7134074676792	2365.8247108947	2237.22913691083	1162.99446315429	1272.73926848377	96.3380907699146	3102.17756650341	3873.41106066859	19.3751676052561	688.614085356658	1239.77704644479	895	1749.43746025534	1348.33713416952	0.672093023255814	1.4987294508116	95.5522971652004	978.585683874401	1.41500195848022
OTU_34	149.559253206557	554.866749450759	24.5620661976486	12.0244094124174	106.352895603331	2.61278365428081	145.115642118077	97.8861456845542	191.357954221131	1.1917034349099	97.0517062570991	148.482665898396	460.694387123401	265.052292839903	0	180.172893297488	69	2.12053025485496	3.29532497149373	14.7860465116279	192.58673442929	99.7067448680352	146.755809827923	246.210340775558
OTU_46	193.210518496509	74.5343394784602	103.706501723405	29.3930007859091	66.6104977726128	51.6024771720459	209.192678897487	154.4950010202	189.708316684742	265.154014267453	54.9483925132105	281.006914433881	175.183140734627	124.776079377849	259.319861257729	212.992490961342	86	174.590324316392	31.3055872291904	146.516279069767	65.9440958357102	62.316715542522	16.6622316835196	71.4575989032511
OTU_9	556.016936562175	326.432801604738	222.42315501204	769.562202394711	323.536703466977	107.777325739083	326.039040083471	136.804733727811	433.854672070324	377.174137148984	549.483925132105	353.860558916739	85.7279199339662	296.052561008313	418.398431609109	411.249652359321	200	646.054884312479	163.11858608894	410.648837209302	79.4326608930146	80.5962854349951	141.628969309917	64.38258911085
OTU_19	137.394146486406	16.5631865507689	63.4520043439256	98.1993435347418	176.881657950804	156.113823343278	118.102773671855	45.4050193837992	4.12409384097266	120.3620469259	236.206726258087	49.2629405550754	33.5457078002476	62.0005363368195	165.616045845272	34.1591730787058	394	20.4984591302646	252.641581147853	271.525581395349	278.014313125551	360.606060606061	48.7049849210573	481.808166862515
OTU_45	113.063933046105	23.464514280256	49.1241323952972	16.7005686283574	77.245787332946	58.1344363077479	44.6026432484132	38.3289124668435	127.846909070152	68.5229475073193	7.13615487184552	27.059925093633	49.945831613702	24.8002145347278	90.7982707485045	50.2340780569204	31	252.343100327741	84.0307867730901	67.2093023255814	20.2328475859565	87.2434017595308	76.9026077700905	44.5725616921269
OTU_28	230.42143316991	36.5770369662814	730.721469380046	382.777032961953	189.196203757505	649.27673808878	128.782279801756	289.530708018772	115.474627547234	183.522328976125	398.19744184898	115.871986939403	100.637123400743	167.401448109413	136.560599205751	179.503105590062	643	176.710854571247	97.7613074876473	147.188372093023	57.7010838562464	451.173020527859	462.697356750044	96.2201331766549
OTU_50	173.889466646858	35.8869041933327	53.2178100949053	12.6924321575517	75.5665310865776	34.6193834192207	89.2052864968264	95.5274433789023	192.182772989326	86.3984990309678	4.28169292310731	52.0383174877557	88.7097606273215	41.8503620273532	127.117579047906	78.3651617687958	57	289.09895807856	121.377803116686	92.0767441860465	52.4555307784059	66.4711632453568	173.671722547454	53.7700744222483
OTU_6	392.861387609568	274.672843633585	1297.69583077577	402.149692570847	514.971915552973	754.441280173583	196.000347795844	310.759028769639	613.665163536732	256.812090223084	163.417946565262	138.075002400845	278.056644655386	461.128989005095	396.606846629468	267.245295262816	882	817.817834955731	277.356518434055	705.697674418605	400.160763366696	461.143695014663	820.935337945716	590.763317665492
OTU_62	70.1282622691032	3.45066386474353	8.18735539921621	0.668022745134298	2.23900832849119	7.18515504927222	55.9103556212503	3.53805345847786	2.47445630458359	392.666281802812	0	33.9983674253337	6.70914156004953	6.20005363368195	11.6221786558086	35.4987484935571	1	0	1.64766248574686	4.7046511627907	11.240470881087	0.83088954056696	0.640855064750754	2.83000391696044
OTU_25	406.457683355618	3.45066386474353	47.7595731620945	1.3360454902686	24.0693395312803	28.7406201970889	256.936353360577	38.3289124668435	36.2920258005594	411.733536761371	7.13615487184552	286.557668299241	160.27393726785	22.4751944220971	225.179711456291	350.298970983591	32	209.932495230641	28.559483086279	14.1139534883721	9.74174143027537	30.7429130009775	3.84513038850452	5.66000783392088
OTU_15	111.632744020205	236.715541121406	66.181122810331	384.113078452221	181.359674607786	214.901455564596	70.9873054516999	43.6359926545603	35.4672070323649	73.8856129644138	627.981628722406	58.2829155862864	88.7097606273215	508.40439796192	97.3357462423968	69.6579215722629	836	22.6189893851196	63.1603952869631	194.23488372093	173.852616294145	588.269794721408	52.5501153095618	210.835291813553
OTU_59	93.7428811964542	2.76053109179482	2.7291184664054	32.7331145115806	50.9374394731745	1.3063918271404	70.3590992087645	79.0165272393389	40.416119641532	70.9063543771391	19.9812336411675	52.7321617209258	117.037247214197	5.42504692947171	43.5831699592822	74.3464355242421	2	22.6189893851196	113.688711516534	42.3418604651163	38.2176009956957	2.49266862170088	11.5353911655136	111.785154719937
OTU_81	95.1740702223543	75.2244722514089	29.3380235138581	66.8022745134298	81.1640519078055	31.3534038513697	59.6795930788627	24.766374209345	5.77373137736172	38.1345099171168	82.7793965134081	84.6489964467493	163.255777961205	48.8254223652454	164.163273513296	56.9319551311764	151	52.3064129530891	30.7563664006081	115.6	131.138826946015	48.1915933528837	30.1201880432854	152.820211515864
OTU_48	231.13702768286	5.52106218358965	30.7025827470608	0.668022745134298	7.27677706759636	13.063918271404	258.192765846448	116.755764129769	1412.91454991723	599.42682775968	0	456.54950542591	143.128353281057	0	315.251596038808	646.345137665709	6	143.489213911852	545.925503610794	15.4581395348837	8.24301197946378	5.81622678396872	158.291200993436	7.0750097924011
OTU_11	387.852226018917	334.024262107174	64.1342839605269	249.840506680227	732.155723416618	329.863936352952	180.295191722459	137.984084880637	25.5693818140305	199.610325347408	352.526050669169	368.43128781331	299.674989682212	558.004827031376	246.244910269944	22.7727820524706	99	16.9642420388397	82.9323451159255	578	1180.24944251413	244.281524926686	114.072201525634	1073.27898550725
OTU_49	64.4035061655029	29.6757092367943	30.7025827470608	64.1301835328926	147.214797598296	24.1682488020975	68.4744804799583	15.3315649867374	46.1898510188938	48.8598408313059	28.5446194873821	83.2613079804091	26.0911060668593	14.7251273799946	31.9609913034736	45.5455641049411	15	31.8079538228244	14.8289623717218	72.5860465116279	80.9313903438262	2.49266862170088	7.69026077700905	63.6750881316099
OTU_42	59.3943445748527	167.702263826535	41.6190566126824	18.7046368637603	93.4785977145071	16.9830937528252	21.9872185027389	43.6359926545603	10.7226439865289	25.6216238505629	27.8310040001975	31.9168347258235	38.0184688402806	115.475998927326	23.9707434776052	32.8195976638546	43	12.0163381108448	74.6940326871912	129.713953488372	147.624850904942	63.9784946236559	77.5434628348412	147.867704661183
OTU_30	194.641707522409	45.5487630146146	43.6658954624864	193.726596088946	30.7863645167538	30.7002079377995	95.4873489261803	34.2011834319527	108.876077401678	150.154632798647	57.8028544619487	127.667338903294	216.928910441601	67.4255832662912	114.76901422611	153.381385000464	37	357.662769652204	53.2744203724819	54.4395348837209	26.9771301146087	2.49266862170088	62.1629412808231	12.0275166470819
OTU_10	573.906799385926	1091.79004680485	468.726096605128	953.268457306643	495.940344760798	679.97694602658	285.833840535606	391.544582738217	98.9782521833438	275.283493464187	1398.68635488172	362.18668971478	752.914775072225	1047.80906409225	458.349670738451	390.486233429128	1121	137.127623147288	283.947168377043	444.925581395349	864.017528392885	802.639296187683	485.127284016321	511.523207990599
OTU_22	113.779527559055	411.319132677429	175.345861466547	263.868984328048	77.245787332946	285.446614230178	105.538648813147	73.1197714752091	20.6204692048633	72.098057812049	966.235369647884	27.059925093633	47.7094510936855	336.352909627246	52.2998039511386	65.6391953277093	391	45.9448221885242	65.3572786012923	129.041860465116	219.563864543899	709.579667644184	66.0080716693277	119.567665491579
OTU_32	62.9723171396028	2.07039831884612	71.6393597431418	56.113910591281	79.4847956614371	121.494439924058	67.2180679940875	145.060191797592	34.6423882641703	53.6266545709455	52.8075460516569	317.086814558725	82.7460792406108	27.9002413515688	150.361936359523	239.114211550941	307	135.007092892433	108.196503230711	38.9813953488372	20.2328475859565	21.603128054741	69.8532020578322	14.1500195848022
OTU_286	174.605061159808	262.250453720508	15.0101515652297	80.8307521612501	146.09529343405	37.2321670735015	126.89766107295	40.0979391960824	0.824818768194532	109.636716011711	182.685564719245	20.1214827619322	55.9095130004127	275.127379994637	16.7068818177248	77.6953740613702	249	41.7037616788143	14.2797415431395	112.911627906977	192.58673442929	155.376344086022	38.4513038850452	110.370152761457
OTU_40	59.3943445748527	202.208902473971	29.3380235138581	66.1342517682955	55.4154561301569	43.1109302956333	54.6539431353795	60.1469087941236	26.394200582225	38.7303616345718	46.3850066669959	24.2845481609527	22.3638052001651	265.827299544114	38.4984667973659	22.102994345045	190	20.4984591302646	45.0361079437476	89.3883720930232	194.085463880102	86.4125122189638	35.8878836260422	151.405209557383
OTU_82	189.632545931759	267.771515904098	42.9836158458851	207.755073736767	40.8619019949642	73.8111382334328	111.192504999565	142.111813915527	29.6934756550031	109.636716011711	412.469751592671	240.763948910016	542.695006190673	142.601233574685	180.143769165033	210.983127839066	121	48.7721958616641	109.294944887875	37.6372093023256	87.6756728724783	163.685239491691	272.36340251907	35.3750489620055
OTU_4	470.145595008171	129.054828541408	1087.55370886255	618.58906199436	54.8557040480341	1231.27429707983	149.513085818624	481.175270352989	456.949597579771	785.332563605625	258.328806360808	219.948621914914	407.021254643005	238.702064896755	722.754235158096	219.690368035598	1101	289.09895807856	219.139110604333	248.674418604651	101.913602655189	529.276637341153	1459.22698243747	149.990207598903
OTU_18	225.41227157926	102.829783169357	25.24434581425	40.0813647080579	66.05074569049	30.0470120242293	208.564472654552	316.066108957356	85.7811518922313	140.621005319368	149.859252308756	294.883799097282	224.38351217499	50.3754357736659	208.472829638566	413.928803189024	107	62.2022208090789	284.496389205625	73.9302325581395	62.946636934087	62.316715542522	225.580982792265	130.88768115942
OTU_29	85.8713415540039	428.572452001146	85.9672316917702	109.555730202025	186.957195429014	37.8853629870717	49.000086948961	35.3805345847786	16.4963753638906	29.1967341552926	241.202034668379	20.1214827619322	110.328105654148	303.802628050416	39.951239129342	35.4987484935571	122	19.0847722936947	28.559483086279	307.146511627907	538.043872841363	284.1642228739	39.7330140145467	530.625734430082
OTU_20	337.045015599465	253.968860445124	387.534822229567	77.4906384355786	499.298857253535	348.806617846488	119.987392400661	21.8179963272801	117.124265083623	190.076697868129	20.694849128352	114.484298473063	134.182831200991	403.003486189327	217.189463630423	129.269027533142	242	316.665851391674	35.6993538578487	761.481395348837	394.16584556345	190.273704789834	99.9733901011176	527.795730513122
OTU_38	56.5319665230525	62.8020823383322	56.6292081779121	50.1017058850723	203.190005810575	40.4981466413525	18.2179810451265	243.536013058559	44.5402134825047	56.6059131582203	12.1314632821374	64.5275136848171	119.273627734214	4.65004022526146	50.1206454531745	56.9319551311764	3	19.0847722936947	87.8753325731661	209.020930232558	400.160763366696	83.088954056696	159.572911122938	338.892969056013
OTU_423	150.990442232457	0.690132772948706	104.388781340007	238.484120012944	0	101.245366603381	173.38492305017	0	0	139.429301884458	333.972048002371	0.693844233170076	248.983697895171	0	0	186.870770371744	174	0	0	0	0.749364725405798	634.799608993157	0	0
OTU_17	383.558658941217	551.416085586016	0	0	325.775711795468	0.653195913570202	248.141465959482	16.5109161395634	127.846909070152	260.387200527813	0	0	0	510.729418074551	119.853717388026	0	0	190.847722936947	143.346636259977	313.195348837209	262.277653892029	0	7.69026077700905	249.040344692519
OTU_26	236.861783786461	69.0132772948706	35.4785400632702	53.4418196107438	43.6606624055782	43.7641262092035	128.782279801756	146.239542950418	114.64980877904	174.5845532143	12.1314632821374	113.790454239892	41.000309533636	61.2255296326093	189.586789322877	119.222211921758	30	338.577997358509	188.382744203725	121.648837209302	86.9263081470725	18.2795698924731	264.673141742061	41.0350567959264
OTU_65	30.7705640568514	0	1.3645592332027	0	0	0.653195913570202	86.0642552821494	38.3289124668435	21.4452879730578	23.834068698198	12.1314632821374	31.2229904926534	27.5820264135369	0	0	69.6579215722629	67	0	81.8339034587609	0	0	17.4486803519062	19.2256519425226	0
OTU_47	147.412469667707	271.91231254179	109.847018272817	209.75914197217	167.925624636839	202.490733206762	109.936092513694	58.9675576412977	36.2920258005594	75.6731681167787	228.356955899057	65.2213579179871	197.546945934792	203.051756503084	40.67762529533	70.9974969871141	228	24.0326762216896	58.2174078297225	131.73023255814	270.520665871493	218.52394916911	79.4660280290935	195.97777124951
OTU_85	45.082454315852	44.8586302416659	32.0671419802635	54.7778651010124	39.7423978307186	37.8853629870717	34.5513433614468	40.0979391960824	22.2701067412524	15.4921446538287	42.1033137438886	22.2030154614424	45.473070573669	29.4502547599893	16.7068818177248	14.7353295633633	40	1.41368683656998	38.4454580007602	30.9162790697674	49.4580718767827	17.4486803519062	37.8104488202945	38.2050528789659
OTU_53	37.2109146734017	29.6757092367943	31.3848623636621	64.7982062780269	31.9058686809994	41.8045384684929	47.1154682201548	63.6849622526015	9.89782521833438	25.0257721331079	52.8075460516569	48.5690963219053	73.8005571605448	41.0753553231429	28.3290604735334	58.9413182534532	48	14.8437117839847	46.6837704294945	20.8348837209302	40.4656951719131	40.713587487781	33.3244633670392	26.8850372111242
OTU_7	765.686128856534	657.006399847168	430.518438075452	181.702186676529	799.885725353477	423.924147907061	284.577428049735	269.48173842073	809.97203036703	400.412354129727	147.004790360018	338.595985786997	274.329343788692	577.379994636632	753.988840295581	460.144155001391	432	1297.05767255295	566.795895096921	1122.39534883721	497.57817766945	366.422287390029	695.968600319319	620.478358793576
OTU_41	45.082454315852	54.5204890629478	23.1975069644459	186.378345892469	47.5789269804377	50.9492812584757	89.8334927397618	8.25545806978168	3.29927507277813	35.1552513298421	284.732579386636	87.4243733794296	165.492158481222	67.4255832662912	9.44302015784447	95.1098544544359	181	4.94790392799491	9.88597491448119	16.8023255813953	28.4758595654203	75.6109481915934	14.0988114245166	87.7301214257736
OTU_8	59.3943445748527	104.210048715255	118.034373672034	76.8226156904443	73.3275227580864	106.470933911943	44.6026432484132	2106.91083452357	378.59181460129	18.4714032411035	37.8216208207813	37.4675885911841	151.328415187784	206.151783319925	420.577590107073	120.561787336609	13	173.883480898107	2257.2976054732	32.2604651162791	31.4733184670435	53.1769305962854	2176.34379989356	57.3075793184489
OTU_143	32.2017530827515	322.292004967046	138.502762170074	169.009754518977	149.453805926787	112.349697134075	17.5897748021911	0.589675576412977	0	14.3004412189188	282.591732925083	0	0	349.52802359882	0	2.00936312227681	142	0	0	166.679069767442	275.766218949334	401.319648093842	0.640855064750754	195.97777124951
OTU_58	72.9906403209033	333.334129334225	189.673733415175	414.842124728399	158.409839240751	186.814031281078	278.923571863316	196.361966945521	67.6351389919516	106.657457424436	185.540026667984	75.6290214155383	109.582645480809	305.352641458836	127.117579047906	66.3089830351349	398	139.248153402143	171.356898517674	207.676744186047	220.313229269305	86.4125122189638	150.600940216427	201.637779083431
OTU_382	42.2200762640519	443.755373006018	30.0203031304594	65.4662290231612	8.39628123184195	8.49154687641262	16.3333623163203	21.2283207508672	3.29927507277813	13.1087377840089	82.0657810262235	48.5690963219053	15.6546636401156	350.30303030303	262.951792087669	30.1404468341522	230	215.587242576921	166.413911060433	5.37674418604651	19.4834828605507	77.2727272727273	32.6836083022884	14.8575205640423
OTU_54	32.9173475957015	131.815359633203	23.1975069644459	81.4987749063844	68.849506101104	57.4812403941777	25.1282497174159	17.1005917159763	5.77373137736172	13.7045895014639	66.3662403081634	18.039950062422	38.0184688402806	156.551354250469	8.71663399185643	25.451932882173	28	12.7231815291298	17.0258456860509	98.1255813953488	130.389462220609	26.5884652981427	25.6342025900302	79.2401096748923
OTU_5	31.4861585698014	0	83.2381132253647	0	0.559752082122797	0	1882.73411007738	1806.76596612936	2346.60939551344	2512.70669250753	0	1856.72716796312	562.076970697482	0.775006704210244	0.726386165988036	2522.42050616483	0	0	1408.20220448499	0	0	0	64.7263615398261	0
OTU_27	42.9356707770019	547.275288948324	186.94461494877	326.663122370672	312.341661824521	231.231353403851	17.5897748021911	1.76902672923893	0	28.0050307203827	532.357153439676	1.38768846634015	0.745460173338836	585.905068382944	0	1.33957541485121	229	0.706843418284988	0	288.327906976744	516.312295804595	832.551319648094	0.640855064750754	339.600470035253
OTU_67	19.3210518496509	4.83092941064094	27.9734642806554	12.0244094124174	13.4340499709471	29.3938161106591	10.6795061299017	87.8616608855336	17.3211941320852	7.74607232691435	4.28169292310731	24.9783923941227	5.21822121337185	6.9750603378922	30.5082189714975	58.9413182534532	11	11.3094946925598	17.0258456860509	26.2116279069767	10.4911061556812	36.5591397849462	78.184317899592	10.6125146886016
OTU_64	47.2292378547021	9.66185882128188	7.50507578261485	8.68429568674587	35.2643811737362	4.57237139499141	74.7565429093122	74.2991226280351	32.9927507277813	56.6059131582203	13.5586942565065	31.9168347258235	59.6368138671069	6.9750603378922	18.1596541497009	36.8383239084083	14	19.7916157119797	71.9479285442797	12.0976744186047	29.9745890162319	5.81622678396872	66.6489267340784	12.0275166470819
OTU_51	32.2017530827515	46.2388957875633	8.86963501581756	47.4296149045352	12.8742978888243	12.4107223578338	30.7821059038344	128.549275658029	56.0876762372282	16.0879963712837	112.037631487975	88.1182176125996	90.946141147338	36.4253150978815	47.9414869552104	41.5268378603875	36	12.7231815291298	164.766248574686	19.4906976744186	19.4834828605507	70.6256109481916	196.101649813731	33.9600470035253
OTU_56	11.4495122072005	144.23774954628	22.5152273478446	44.757523923998	34.1448770094906	56.1748485670373	13.8205373445787	24.766374209345	18.1460129002797	4.17096202218465	44.2441602054422	8.32613079804091	6.70914156004953	99.9758648431215	6.53747549389232	3.34893853712802	21	14.8437117839847	38.9946788293425	34.2767441860465	100.414873204377	107.184750733138	15.3805215540181	53.0625734430082
OTU_37	25.0458079532511	101.44951762346	19.7861088814392	6.68022745134298	68.2897540189812	20.2490733206762	54.6539431353795	108.500306059988	4.12409384097266	8.34192404436931	307.568274976542	19.4276385287621	187.110503508048	48.8254223652454	23.2443573116172	2.67915082970242	33	60.7885339725089	164.217027746104	17.4744186046512	86.1769434216667	107.184750733138	124.966737626397	449.97062279671
OTU_78	25.0458079532511	5.52106218358965	64.8165635771283	112.895843927696	11.1950416424559	65.9727872705904	20.1025997739327	34.7908590083656	14.8467378275016	16.0879963712837	29.9718504617512	16.6522615960818	10.4364424267437	0	42.1303976273061	14.7353295633633	23	15.5505552022697	0.549220828582288	4.03255813953488	8.24301197946378	75.6109481915934	0	35.3750489620055
OTU_76	14.3118902590006	11.732257140128	51.8532508617026	22.0447505894318	23.5095874491575	39.1917548142121	8.16668115816016	0.589675576412977	2.47445630458359	11.3211826316441	14.9859252308756	7.63228656487083	1.49092034667767	40.3003486189327	9.44302015784447	8.03745248910726	13	16.9642420388397	0	36.293023255814	32.9720479178551	4.1544477028348	0	12.735017626322
OTU_43	96.6052592482543	217.391823478842	67.5456820435337	145.628958439277	142.736780941313	126.720007232619	60.3077993217981	102.603550295858	11.5474627547234	35.751103047297	216.939108104104	61.7521367521367	87.2188402806438	186.001609010459	64.6483687729352	42.8664132752387	117	24.0326762216896	58.7666286583048	107.53488372093	197.832287507131	49.0224828934506	91.6422742593578	121.690168429299
OTU_14	300.549695439014	200.828636928073	427.107039992445	148.301049419814	268.12124733682	318.759605822258	88.577080253891	169.826566006937	436.329128374907	166.242629169931	51.3803150772878	153.339575530587	21.6183450268262	210.801823545186	312.346051374855	292.697228144989	100	384.522819547033	336.12314709236	550.444186046512	231.553700150392	240.957966764418	324.913517828632	181.120250685468
OTU_72	35.7797256475016	48.3092941064094	5.4582369328108	32.0650917664463	29.6668603525082	7.83835096284242	30.7821059038344	70.7610691695572	17.3211941320852	24.429920415653	85.6338584621463	30.5291462594833	106.600804787454	24.0252078305176	51.5734177851506	64.9694076202837	59	26.8600498948295	62.0619536297986	32.9325581395349	35.2201420940725	19.941348973607	58.9586659570694	35.3750489620055
OTU_77	14.3118902590006	0	0.68227961660135	0	0	0	78.5257803669246	112.038359518466	51.9635823962555	44.6888788091213	0	118.647363872083	17.8910441601321	0	61.016437942995	52.9132288866228	0	28.2737367313995	39.5438996579247	0	0	0	32.0427532375377	0
OTU_66	11.4495122072005	30.3658420097431	21.1506681146419	21.3767278442975	48.1386790625605	41.1513425549227	3.76923745761238	10.0244847990206	0	5.36266545709455	42.1033137438886	7.63228656487083	13.4182831200991	37.2003218020917	3.63193082994018	9.37702790395847	24	5.6547473462799	3.84454580007602	45.7023255813953	50.9568013275943	58.1622678396872	7.69026077700905	33.2525460242852
OTU_96	28.6237805180013	0.690132772948706	2.7291184664054	4.67615921594009	19.0315707921751	0.653195913570202	32.6667246326406	4.71740461130382	6.59855014555625	11.3211826316441	1.4272309743691	31.2229904926534	13.4182831200991	0	123.485648217966	31.4800222490034	21	60.0816905542239	6.59064994298746	18.8186046511628	10.4911061556812	4.1544477028348	7.69026077700905	17.6875244810027
OTU_101	12.1651067201505	71.0836756137167	14.3278719486284	90.8510933382645	38.622893666473	30.7002079377995	21.3590122598035	8.84513364619465	0.824818768194532	10.1294791967342	129.878018667589	12.4891961970614	31.3093272802311	103.075891659962	12.3485648217966	16.0749049782145	181	1.41368683656998	16.4766248574686	39.653488372093	88.4250375978841	113.831867057674	19.2256519425226	67.9200940070505
OTU_69	8.58713415540039	0	1.3645592332027	0	8.95603331396475	0	5.65385618641857	12.9728626810855	75.8833266738969	15.4921446538287	0	6.24459809853068	9.69098225340487	0	39.2248529633539	58.2715305460276	0	22.6189893851196	74.1448118586089	10.0813953488372	4.49618835243479	2.49266862170088	60.8812311513216	32.545045045045
OTU_89	25.0458079532511	8.97172604833317	12.2810330988243	21.3767278442975	77.245787332946	32.6597956785101	3.14103121467698	47.1740461130382	23.0949255094469	5.9585171745495	37.8216208207813	2.7753769326803	2.23638052001651	24.0252078305176	12.3485648217966	13.3957541485121	12	7.77527760113486	44.4868871151653	6.04883720930233	31.4733184670435	46.5298142717498	186.488823842469	101.172640031336
OTU_79	10.7339176942505	2.07039831884612	49.1241323952972	0.668022745134298	13.9938020530699	32.6597956785101	7.53847491522476	204.02774943889	14.021919059307	8.34192404436931	2.85446194873821	18.039950062422	10.4364424267437	5.42504692947171	21.065198813653	11.3863910262353	7	15.5505552022697	3.84454580007602	13.4418604651163	7.49364725405798	14.9560117302053	34.6061734965407	12.0275166470819
OTU_74	9.30272866835042	15.1829210048715	21.8329477312432	89.5150478479959	13.9938020530699	51.6024771720459	8.79488740109556	13.5625382574985	2.47445630458359	4.7668137396396	89.201935898069	6.93844233170076	8.2000619067272	24.8002145347278	12.3485648217966	8.03745248910726	23	4.24106050970992	15.3781832003041	13.4418604651163	35.2201420940725	74.7800586510264	10.2536810360121	12.0275166470819
OTU_136	30.0549695439014	0	0	0	0	0	0.628206242935397	0	0	10.1294791967342	0	3.46922116585038	2.23638052001651	0	65.3747549389232	10.7166033188097	0	128.645502127868	0	0	0	0	0	0
OTU_87	15.0274847719507	7.59146050243576	16.3747107984324	22.7127733345661	4.47801665698237	20.9022692342465	13.8205373445787	26.535400938584	8.24818768194532	24.429920415653	39.2488517951504	27.753769326803	23.1092653735039	12.4001072673639	61.016437942995	20.7634189301938	68	9.89580785598983	51.6267578867351	6.72093023255814	10.4911061556812	14.1251221896383	83.9520134823488	16.2725225225225
OTU_70	7.87153964245035	0.690132772948706	481.689409320553	4.67615921594009	1.11950416424559	130.63918271404	100.512998869664	1.17935115282595	0	37.5386581996619	0	24.9783923941227	20.1274246801486	0	16.7068818177248	2.67915082970242	0	27.5668933131145	0	56.4558139534884	35.2201420940725	5.81622678396872	0	3.53750489620055
OTU_107	10.0183231813005	5.52106218358965	19.7861088814392	1.3360454902686	10.6352895603331	43.1109302956333	4.39744370054778	6.48643134054275	11.5474627547234	7.74607232691435	0.713615487184552	7.63228656487083	4.47276104003302	4.65004022526146	6.53747549389232	6.69787707425605	13	38.8763880056743	2.74610414291144	6.72093023255814	8.24301197946378	17.4486803519062	3.20427532375377	9.19751273012143
OTU_73	9.30272866835042	11.0421243671793	4.77595731620945	0	2.23900832849119	1.3063918271404	4.39744370054778	63.6849622526015	11.5474627547234	8.34192404436931	0.713615487184552	48.5690963219053	11.1819026000825	1.55001340842049	172.879907505153	54.252804301474	12	89.7691141221934	119.180919802357	6.04883720930233	5.24555307784058	0.83088954056696	126.889302820649	3.53750489620055
OTU_61	7.15594512950032	156.660139459356	1.3645592332027	0.668022745134298	13.4340499709471	0.653195913570202	94.2309364403095	0	0	50.6473959836708	0	0.693844233170076	8.94552208006603	279.777420219898	2.90554466395214	4.01872624455363	0	54.426943207944	0	186.841860465116	44.9618835243479	0	0	15.5650215432824
OTU_86	4.29356707770019	12.4223899130767	11.598753482223	7.34825019647728	9.51578539608755	13.7171141849742	1.25641248587079	25.356049785758	9.89782521833438	3.5751103047297	14.272309743691	2.08153269951023	4.47276104003302	6.9750603378922	6.53747549389232	2.67915082970242	6	0	26.9118206005321	9.4093023255814	14.2379297827102	13.2942326490714	38.4513038850452	26.8850372111242
OTU_106	4.29356707770019	19.3237176425638	37.5253789130743	2.00406823540289	30.226612434631	27.4342283699485	0.628206242935397	2.35870230565191	3.29927507277813	2.3834068698198	9.99061682058373	1.38768846634015	0.745460173338836	16.2751407884151	4.35831699592822	0.669787707425605	9	9.89580785598983	0	18.146511627907	8.24301197946378	51.5151515151515	0	17.6875244810027
OTU_94	13.5962957460506	15.8730537778202	34.7962604466689	10.0203411770145	21.2705791206663	37.2321670735015	3.76923745761238	0	0.824818768194532	14.3004412189188	0.713615487184552	7.63228656487083	37.2730086669418	65.8755698578707	2.17915849796411	8.03745248910726	1	0	3.29532497149373	6.04883720930233	47.9593424259711	4.1544477028348	0.640855064750754	17.6875244810027
OTU_134	3.57797256475016	0	0	44.757523923998	0	5.22556730856161	5.65385618641857	4.71740461130382	3.29927507277813	11.3211826316441	0.713615487184552	0	0	0	0	4.68851395197923	9	0	0.549220828582288	0	0	0.83088954056696	0.640855064750754	0
OTU_83	4.29356707770019	0	30.0203031304594	56.7819333364153	15.1133062173155	28.7406201970889	1.88461872880619	0.589675576412977	0.824818768194532	6.55436889200445	57.0892389747642	0.693844233170076	0.745460173338836	27.1252346473585	0	4.68851395197923	35	0	0	18.8186046511628	24.7290359383913	19.941348973607	1.92256519425226	7.78251077164121
OTU_236	2.1467835388501	13.1125226860254	18.4215496482365	54.1098423558781	6.71702498547356	32.0065997649399	10.6795061299017	7.07610691695572	3.29927507277813	2.97925858727475	26.4037730258284	2.08153269951023	0.745460173338836	9.30008045052293	6.53747549389232	4.01872624455363	27	1.41368683656998	8.78753325731661	18.8186046511628	9.74174143027537	10.8015640273705	6.40855064750754	14.8575205640423
OTU_206	1.43118902590006	10.3519915942306	2.7291184664054	4.00813647080579	54.2959519659113	7.18515504927222	0	0	0	1.1917034349099	2.85446194873821	0	0	3.10002681684098	0	0.669787707425605	4	0.706843418284988	0	91.4046511627907	95.1693201265363	2.49266862170088	0	0.70750097924011
OTU_44	9.30272866835042	33.8165058744866	698.654327399783	44.0895011788637	61.5727290335076	410.207033722087	11.3077123728371	25.945725362171	22.2701067412524	26.2174755680178	8.56338584621463	8.32613079804091	4.47276104003302	22.4751944220971	11.6221786558086	14.0655418559377	61	2.82737367313995	17.5750665146332	81.3232558139535	41.9644246227247	193.597262952102	1.92256519425226	58.015080297689
OTU_115	0.715594512950032	0	6.14051654941215	0	1.67925624636839	3.91917548142121	0.628206242935397	3.53805345847786	61.8614076145899	21.4506618283782	0	0	0	0	0.726386165988036	0	0	2.82737367313995	0.549220828582288	0	2.24809417621739	0	0.640855064750754	0.70750097924011
OTU_194	1.43118902590006	13.1125226860254	36.8430992964729	52.1057741204752	2.79876041061398	27.4342283699485	1.25641248587079	27.7147520914099	2.47445630458359	1.1917034349099	26.4037730258284	4.85690963219053	2.23638052001651	1.55001340842049	2.90554466395214	1.33957541485121	15	4.94790392799491	7.68909160015203	4.7046511627907	4.49618835243479	9.13978494623656	1.92256519425226	5.66000783392088
OTU_52	0.715594512950032	0	0	0	761.262831687004	0	0	0	0	0	0	0	0	0	0	0	0	0	0	0.672093023255814	24.7290359383913	0	0	0
OTU_294	0.715594512950032	38.6474352851275	21.8329477312432	30.0610235310434	22.9498353670347	19.595877407106	0	0	0	0	34.2535433848585	0	0	24.8002145347278	0.726386165988036	0	22	1.41368683656998	0	17.4744186046512	31.4733184670435	22.4340175953079	0	17.6875244810027
OTU_24	2.1467835388501	36.5770369662814	113.940695972426	47.4296149045352	61.0129769513849	101.245366603381	49.6282931918964	321.962864721485	419.832753011017	48.263989113851	9.99061682058373	65.2213579179871	38.0184688402806	97.6508447304907	109.684311064193	118.552424214332	131	74.2185589199237	335.573926263778	88.7162790697674	59.9491780324638	24.0957966764418	363.364821713677	65.7975910693302
OTU_21	2.1467835388501	2.07039831884612	0.68227961660135	1.3360454902686	1.11950416424559	3.26597956785101	0	0.589675576412977	1.64963753638906	3.5751103047297	2.85446194873821	1.38768846634015	0.745460173338836	3.10002681684098	1261.73277032122	1.33957541485121	4	646.054884312479	0.549220828582288	693.6	75.6858372659856	0.83088954056696	0.640855064750754	183.242753623188
OTU_103	0.715594512950032	9.66185882128188	0	0	17.9120666279295	0	0	50.122423995103	125.372452765569	0	0	0	15.6546636401156	1.55001340842049	0	2.67915082970242	0	0	0.549220828582288	0	0.749364725405798	0	0	2.83000391696044
OTU_140	5.00916159065023	17.9434520966663	4.0936776996081	4.67615921594009	13.4340499709471	5.22556730856161	9.42309364403095	6.48643134054275	2.47445630458359	7.74607232691435	14.9859252308756	11.1015077307212	44.7276104003302	10.0750871547332	5.81108932790429	9.37702790395847	13	2.12053025485496	0	7.39302325581395	13.4885650573044	3.32355816226784	4.48598545325528	11.3200156678418
OTU_57	2.1467835388501	64.8724806571783	53.2178100949053	56.113910591281	31.9058686809994	72.5047464062924	52.1411181636379	9.43480922260763	1.64963753638906	28.6008824378376	35.6807743592276	15.2645731297417	32.8002476269088	144.151246983105	7.9902478258684	14.7353295633633	22	3.53421709142494	2.19688331432915	25.5395348837209	52.4555307784059	87.2434017595308	0.640855064750754	53.7700744222483
OTU_151	0.715594512950032	10.3519915942306	0	0	35.2643811737362	0	0	0	0	0	0	0	0	9.30008045052293	0	0	0	0.706843418284988	0	77.2906976744186	11.9898356064928	0	0	12.0275166470819
OTU_97	1.43118902590006	0	2.04683884980405	0.668022745134298	0	1.3063918271404	1.25641248587079	0.589675576412977	0	0	0.713615487184552	0.693844233170076	3.72730086669418	0	1.45277233197607	0.669787707425605	1	200.743530792936	0	0.672093023255814	0	4.1544477028348	0.640855064750754	1.41500195848022
OTU_23	0	712.217021683064	0	0.668022745134298	7.27677706759636	0	0	0.589675576412977	0.824818768194532	2.97925858727475	0	0	0	602.18020917136	0	0.669787707425605	15	0	0	490.627906976744	475.097235907276	0	0	527.088229533882
OTU_247	0	137.336421816792	76.4153170593512	0	55.4154561301569	120.841244010487	1.25641248587079	7.6657824933687	0.824818768194532	0.59585171745495	21.4084646155366	0.693844233170076	1.49092034667767	98.425851434701	0	0.669787707425605	4	0.706843418284988	16.4766248574686	81.9953488372093	33.7214126432609	147.898338220919	14.0988114245166	74.2876028202115
OTU_33	0	122.153500811921	31.3848623636621	35.4052054921178	69.9690102653496	36.5789711599313	0	250.612119975515	59.3869513100063	0	23.5493110770902	0	0	63.55054974524	199.75619564671	0	17	154.798708604412	219.139110604333	61.1604651162791	101.913602655189	24.9266862170088	307.610431080362	74.9951037994516
OTU_36	0	231.884611710765	0	0.668022745134298	345.926786751888	0	0.628206242935397	40.6876147724954	28.8686568868086	39.3262133520267	2.14084646155366	0	0	197.626709573612	63.9219826069472	0.669787707425605	147	65.7364379005038	113.688711516534	150.548837209302	134.885650573044	3.32355816226784	86.5154337413518	347.382980806894
OTU_68	0	153.209475594613	0	0	179.680418361418	0	0	0	0	0	0	0	0	169.726468222043	22.5179711456291	0	0	22.6189893851196	0	196.251162790698	116.151532437899	0	0	166.970231100666
OTU_397	0	54.5204890629478	0	0	0	0	0	0	0	0	0	0	0	33.3252882810405	0	0	0	0	0	0	0	0	0	0
OTU_60	0	107.660712579998	0	0	208.787526631803	0	0	70.1713935931443	117.124265083623	0.59585171745495	0	0	0	70.5256100831322	0	0	0	0.706843418284988	42.8392246294185	157.941860465116	50.9568013275943	0	36.528738690793	84.9001175088132
OTU_112	0	84.1961982997421	0.68227961660135	0	17.9120666279295	0	0	0	0	0	0	0	0	3.87503352105122	0	0	0	0	0	23.5232558139535	0	0	0	50.2325695260478
OTU_674	0	35.196771420384	33.4317012134662	15.3645231380889	19.0315707921751	34.6193834192207	3.76923745761238	0.589675576412977	0	19.6631066760134	24.9765420514593	0	0	20.9251810136766	0.726386165988036	0	7	0	0	41.6697674418605	109.407249909246	30.7429130009775	0	29.7150411280846
OTU_63	0	37.2671697392301	6.14051654941215	7.34825019647728	16.7925624636839	16.329897839255	0	100.834523566619	37.1168445687539	0	14.272309743691	0	0	19.3751676052561	65.3747549389232	0	7	41.7037616788143	57.118966172558	5.37674418604651	17.2353886843334	4.98533724340176	78.184317899592	19.8100274187231
OTU_98	0	55.2106218358965	0	0	50.9374394731745	0	0	0	0	0	0	0	0	82.9257173504961	0	0.669787707425605	0	0	2.74610414291144	17.4744186046512	39.7163304465073	0	0	12.0275166470819
OTU_84	0	33.1263731015379	0.68227961660135	0	69.9690102653496	0	0	0	0	1.1917034349099	15.6995407180602	0	0	47.2754089568249	0	0	51	0.706843418284988	0	20.8348837209302	50.9568013275943	7.47800586510264	0	30.4225421073247
OTU_100	0	31.0559747826918	16.3747107984324	4.67615921594009	69.9690102653496	0	0	0	0	0.59585171745495	0	0	0	7.75006704210244	0	0	0	0	0	10.753488372093	11.9898356064928	0	0	14.1500195848022
OTU_95	0	37.9573025121788	0	0	84.5225644005423	0	0	0	0	0.59585171745495	0	0	0	41.8503620273532	0	0	0	0	0	18.146511627907	5.24555307784058	0	0	0.70750097924011
OTU_256	0	23.464514280256	0.68227961660135	2.67209098053719	49.2581832268061	3.26597956785101	0	0	0	0	0	0	0	6.20005363368195	0	0	2	0	0	17.4744186046512	25.4784006637971	0.83088954056696	0.640855064750754	1.41500195848022
OTU_114	0	9.66185882128188	0	0	0	0	0	0	0	0	0	0	0	21.7001877178868	22.5179711456291	0	0	48.7721958616641	0	0	0	0	0	0
OTU_477	0	12.4223899130767	0	1.3360454902686	52.0569436374201	0	0	0	0.824818768194532	0	0	0	0	3.87503352105122	7.9902478258684	0	0	17.6710854571247	2.19688331432915	26.2116279069767	9.74174143027537	2.49266862170088	0	4.95250685468077
OTU_99	0	4.14079663769223	1.3645592332027	3.34011372567149	0	0	0	17.6902672923893	3.29927507277813	0.59585171745495	5.70892389747642	0	0	0.775006704210244	135.107826873775	0	11	4.24106050970992	8.78753325731661	8.73720930232558	2.99745890162319	0.83088954056696	5.76769558275679	1.41500195848022
OTU_90	0	15.1829210048715	27.9734642806554	25.3848643151033	6.15727290335076	16.9830937528252	0	0	0	0	61.3709318978715	0	0	3.87503352105122	0	0	93	0	0	4.7046511627907	5.24555307784058	63.147605083089	0	7.78251077164121
OTU_111	0	8.97172604833317	0	0	21.8303312027891	0	0	0	0	0	0	0	0	3.10002681684098	0	0	0	0	0	51.0790697674419	4.49618835243479	0	0	9.19751273012143
OTU_246	0	41.4079663769223	19.7861088814392	30.0610235310434	24.6290916134031	13.7171141849742	0	0	0	1.1917034349099	51.3803150772878	0	0	45.7253955484044	0	0	22	0	0	24.1953488372093	49.4580718767827	77.2727272727273	0	33.2525460242852
OTU_39	0	0.690132772948706	485.783087020161	726.140723960982	0	313.534038513697	140.089992174594	0	0	0	323.981431181787	90.1997503121099	34.2911679735865	0	0	126.589876703439	473	0	0	0	0	63.9784946236559	0	0
OTU_75	0	0.690132772948706	235.386467727466	0.668022745134298	0	247.561251243106	0	0	0	13.7045895014639	0	0.693844233170076	0	0	0	0	1	0	0	0	0	0	0	0
OTU_123	0	0.690132772948706	122.810330988243	1.3360454902686	2.23900832849119	46.3769098634843	0	0	3.29927507277813	0	1.4272309743691	0	0	0	0	0	2	0.706843418284988	0	1.34418604651163	2.24809417621739	3.32355816226784	0	0.70750097924011
OTU_80	0	0	6.8227961660135	31.397069021312	115.308928917296	16.9830937528252	0.628206242935397	0	0	0	7.84977035903008	0	0.745460173338836	0	0	0.669787707425605	0	0	0	49.0627906976744	41.9644246227247	0	0	36.7900509204857
OTU_35	0	0	0	0	575.984892504358	0	0.628206242935397	0	1.64963753638906	0	0	1.38768846634015	1.49092034667767	0	0	0.669787707425605	0	0	0	625.718604651163	361.943162371	0	0	399.738053270662
OTU_71	0	0	0	0	131.541739298857	0	0	0	0	0	0	0	0	0	0	0	0	0	0	141.811627906977	65.1947311103044	0	0	83.4851155503329
OTU_364	0	0	0	0	79.4847956614371	0	0	0	0	0	0	0	0	0	0	0	0	0	0	28.9	23.9796712129855	0	0	9.90501370936154
OTU_121	0	0	0	0	86.7615727290335	0	0	0	0	0	0	0	0	0	0	0	0	0	0	13.4418604651163	14.2379297827102	0	0	11.3200156678418
