	18.SPF.CD	11.CON.HFD	20.SPF.HFD	24.SPF.HFD	2.CON.HFD	23.SPF.HFD	17.SPF.CD	1.CON.CD	3.CON.CD	13.SPF.CD	21.SPF.HFD	14.SPF.CD	16.SPF.CD	10.CON.HFD	12.CON.CD	15.SPF.CD	22.SPF.HFD	9.CON.CD	5.CON.CD	6.CON.HFD	8.CON.HFD	19.SPF.HFD	7.CON.CD	4.CON.HFD	taxonomy
OTU_1	9.26558708463329	8.6923297354093	12.9609518863025	22.8930701308308	16.6337400736006	20.2061296446976	9.74263107555865	0.187716792491328	0.0285404418060392	5.92552884417137	18.8354980492864	2.23758763084606	4.53982666116385	7.48726200053634	0.231237118584427	3.98627978121813	8.27681660899654	2.00557648094702	0.201444317749905	0.027906976744186	10.8904216148939	15.082513943994	0.00886996629412808	9.2978848413631	Bacteria;Firmicutes;Clostridia;Clostridiales;Lachnospiraceae;;
OTU_3	11.9546377457535	1.75279396312924	9.70772935454932	5.61693865285932	0.863838853379818	8.71530603019619	5.56473350143466	0.216282391348704	2.71134197157372	5.42245680590491	1.83712775939553	11.0823009699414	6.75299215848122	2.53687315634218	13.2408384858996	12.9415036618151	0.636678200692042	15.3891307538033	6.38160395286963	7.4	3.9568531867448	5.99735495371169	9.2380698953344	4.83744614179397	Bacteria;Bacteroidetes;Bacteroidia;Bacteroidales;Rikenellaceae;Alistipes;
OTU_12	5.65542514732828	0.14328016047378	1.74701355115917	1.28981554250844	1.27832655432888	0.727782298164723	4.53873576210764	1.96694552132218	8.49363548147725	4.22250628840048	0.0691392167514445	1.09478536444829	0.325010317787866	0.412979351032448	1.54325642185693	1.86798924631501	0.698961937716263	3.00347307146701	1.86240973014063	1.23255813953488	0.285225328009127	3.22005635098614	0.700727337236118	0.259498629063846	Bacteria;Bacteroidetes;;;;;
OTU_31	1.16872183429901	1.28474543891489	0.415505925681099	1.12801072534788	0.763122215766027	0.70518036343911	0.730371272063299	0.877371964905121	0.194075004281066	0.64327244237351	1.39266136599338	0.590607893978681	1.24845233182006	1.05658353445964	0.738953400693711	0.579401130991008	1.1280276816609	0.337523846793523	0.627137970353478	1.04186046511628	1.09422807654411	0.678511873957794	0.975696292354089	0.949862906384646	Bacteria;Firmicutes;Clostridia;Clostridiales;Ruminococcaceae;;
OTU_16	1.10929530035161	2.06323431082243	0.925445016289721	1.47011233877306	0.778617083091226	0.949281258475726	0.626032518911399	1.07325035706999	0.268280152976768	0.750484516102429	2.54333547335671	0.686641697877653	2.3937267849773	1.70555108608206	0.970190519278138	1.1727078891258	1.23875432525952	0.229907547815878	1.34169517293805	1.21860465116279	1.53503085619458	1.178770628486	1.71633847791378	1.12122992557775	Bacteria;Firmicutes;Clostridia;Clostridiales;Lachnospiraceae;Clostridium XlVb;
OTU_13	1.86203139701877	0.324768363740567	0.679918787478162	0.124820858952429	0.782490799922526	0.366151342554923	5.36040344317885	5.88859416445623	9.65237741880244	5.43895097109398	0.0493851548224604	6.2710073946029	2.8373916632274	0.353982300884956	8.33961695068617	3.1055900621118	0.318339100346021	3.33121361835347	6.65146332193082	0.730232558139535	0.435616864595758	0.0805014087746536	1.39701969132517	0.430865648256953	Bacteria;Bacteroidetes;Bacteroidia;Bacteroidales;Porphyromonadaceae;;
OTU_2	6.45768335561828	0.11940013372815	1.70924028518816	1.56719522906939	0.042610885144296	0.655456107042763	16.3724893487523	15.4825545806978	8.04840458930304	8.80788421096037	0.666699590103215	21.4683568616153	26.8056128765993	0.134084204880665	4.7654954003921	8.57977194771484	6.19377162629758	12.1068336349851	9.33105283162296	0.00465116279069767	0.0103718301094228	0.661261572077511	6.77221926556679	0.00979240109674892	Bacteria;Bacteroidetes;Bacteroidia;Bacteroidales;Porphyromonadaceae;Parabacteroides;
OTU_34	1.03501213291735	3.8399083006973	0.169979696869541	0.0832139059682863	0.73600619794693	0.01808154778049	1.00426049908704	0.677412772903489	1.32427649980022	0.00824708259453218	0.671638105585461	1.02756170171901	3.18819645068097	1.8342719227675	0	1.24687123389265	0.477508650519031	0.014674949860588	0.0228050171037628	0.102325581395349	1.33278016906083	0.690012075211316	1.01561114067767	1.70387779083431	Bacteria;Proteobacteria;Deltaproteobacteria;Desulfovibrionales;Desulfovibrionaceae;;
OTU_46	1.33709701381667	0.515808577705607	0.717692053449171	0.2034117701447	0.460972302924656	0.357110568664678	1.44770019998261	1.06916955723322	1.3128603230778	1.83497587728341	0.380265692132945	1.94468452895419	1.21234007428807	0.863502279431483	1.79460111597044	1.47399647724112	0.595155709342561	1.20823753852174	0.216647662485747	1.01395348837209	0.456360524814604	0.431257547007073	0.115309561823665	0.494516255385821	Bacteria;Bacteroidetes;Bacteroidia;Bacteroidales;Porphyromonadaceae;;
OTU_9	3.84786807309464	2.25905053013659	1.53926058831862	5.32568998197032	2.23900832849119	0.745863845945213	2.25632553690983	0.946745562130177	3.00245447799532	2.61020164116944	3.80265692132945	2.4488619994238	0.593272802311185	2.04880665057656	2.8954908761876	2.84601835542783	1.3840830449827	4.4709680575258	1.12884834663626	2.84186046511628	0.549706995799409	0.557759760795814	0.980131275501153	0.445554249902076	Bacteria;Firmicutes;Clostridia;Clostridiales;;;
OTU_19	0.95082454315852	0.114624128379024	0.43911421691298	0.679580232074338	1.22409451869068	1.08037247988428	0.817320233023215	0.314221587431136	0.0285404418060392	0.832955342047751	1.63464862462344	0.340920003841352	0.232150226991333	0.429069455618128	1.14613180515759	0.236395661444331	2.72664359861592	0.14185784865235	1.74838464462182	1.87906976744186	1.92397448529793	2.49554367201426	0.337058719176867	3.33431257344301	Bacteria;Proteobacteria;Deltaproteobacteria;Desulfovibrionales;Desulfovibrionaceae;;
OTU_45	0.782449363640866	0.162384181870284	0.339959393739081	0.115574869400398	0.534572922719349	0.402314438115903	0.308668811407704	0.26525198938992	0.884753695987214	0.474207249185601	0.0493851548224604	0.187265917602996	0.345645893520429	0.171627782247251	0.628361735283768	0.347640678594605	0.214532871972318	1.74631903340997	0.581527936145952	0.465116279069767	0.140019706477208	0.603760565809902	0.532197977647685	0.308460634547591	Bacteria;Bacteroidetes;;;;;
OTU_28	1.59461199425544	0.253128283503677	5.05689598186883	2.64897600665711	1.30931628897928	4.49326462345177	0.891226849839144	2.00367271985309	0.799132370569096	1.27005071955796	2.75569163909329	0.80188226255642	0.696450680973999	1.15848753016895	0.945056049866787	1.24223602484472	4.44982698961938	1.22291248838233	0.676548840744964	1.01860465116279	0.399315459212778	3.12230464033121	3.20205783218024	0.665883274578927	Bacteria;Bacteroidetes;Bacteroidia;Bacteroidales;Bacteroidaceae;Bacteroides;
OTU_50	1.203387312435	0.248352278154552	0.368289343217338	0.0878369007443022	0.52295177222545	0.239580508091493	0.617337622815407	0.661089573556417	1.32998458816142	0.597913488103583	0.0296310928934762	0.360126764621147	0.613908378043747	0.289621882542237	0.879706429397275	0.542319458607583	0.394463667820069	2.00068483099349	0.839984796655264	0.637209302325581	0.363014053829798	0.460008050140877	1.20188043285436	0.372111241676459	Bacteria;Bacteroidetes;Bacteroidia;Bacteroidales;Porphyromonadaceae;;
OTU_6	2.71876392809389	1.90085012895214	8.98059398460739	2.78304285516157	3.56381948479566	5.22104692161649	1.3564037909747	2.15058151397674	4.24681774073863	1.77724629912169	1.13092004543434	0.955536348794776	1.92426743706149	3.19120407615983	2.7446840597195	1.8494484101233	6.1038062283737	5.65963899623343	1.91942227290004	4.88372093023256	2.76927863921589	3.19130584785234	5.68121341138904	4.08832745789268	Bacteria;Bacteroidetes;Bacteroidia;Bacteroidales;Rikenellaceae;Alistipes;
OTU_62	0.485316693903828	0.02388002674563	0.0566598989565135	0.0046229947760159	0.0154948673251985	0.0497242563963475	0.386922876271629	0.024484799020608	0.0171242650836235	2.71741371489835	0	0.235282819552482	0.0464300453982666	0.0429069455618128	0.0804303021163223	0.245666079540187	0.0069204152249135	0	0.0114025085518814	0.0325581395348837	0.0777887258206711	0.00575010062676097	0.00443498314706404	0.0195848021934978	Bacteria;Firmicutes;;;;;
OTU_25	2.81285594017729	0.02388002674563	0.330516077246329	0.00924598955203181	0.166569823745884	0.19889702558539	1.77810625163029	0.26525198938992	0.251155887893145	2.84936703641087	0.0493851548224604	1.98309805051378	1.10916219562526	0.155537677661571	1.55833710350374	2.42421433206638	0.221453287197232	1.45282003619821	0.197643481565944	0.0976744186046512	0.0674168957112482	0.212753723190156	0.0266098988823842	0.0391696043869957	Bacteria;Bacteroidetes;Bacteroidia;Bacteroidales;Porphyromonadaceae;;
OTU_15	0.772544941316298	1.63816983475021	0.458000849898484	2.65822199620914	1.25508425334108	1.4872073049453	0.491261629423528	0.301979187920833	0.245447799531937	0.511319120860995	4.34589362437651	0.403341976375684	0.613908378043747	3.51836953606865	0.673603780224199	0.482061740984518	5.78546712802768	0.156532798512938	0.437096161155454	1.34418604651163	1.20313229269305	4.07107124374677	0.363668618059251	1.45906776341559	Bacteria;Firmicutes;Clostridia;Clostridiales;Ruminococcaceae;;
OTU_59	0.648739662259199	0.019104021396504	0.0188866329855045	0.226526744024779	0.352508231648267	0.009040773890245	0.486914181375533	0.546827178126913	0.279696329699184	0.490701414374665	0.138278433502889	0.364928454816095	0.809946347503095	0.0375435773665862	0.301613632936209	0.514508204320015	0.013840830449827	0.156532798512938	0.786773090079818	0.293023255813953	0.264481667790282	0.0172503018802829	0.0798296966471527	0.773599686643165	Bacteria;Firmicutes;Clostridia;Clostridiales;Ruminococcaceae;;
OTU_81	0.658644084583767	0.520584583054733	0.203031304594173	0.46229947760159	0.561688940538447	0.21697857336588	0.413007564559604	0.171393593144256	0.0399566185284548	0.26390664302503	0.57286779594054	0.585806203783732	1.12979777135782	0.337892196299276	1.13607801739305	0.393992769073885	1.04498269896194	0.36198209656117	0.212846826301786	0.8	0.907535134574496	0.333505836352136	0.20844420791201	1.05757931844888	Bacteria;Firmicutes;Clostridia;Clostridiales;Lachnospiraceae;;
OTU_48	1.59956420541772	0.0382080427930079	0.212474621086926	0.0046229947760159	0.0503583188068952	0.09040773890245	1.78680114772628	0.807998367680065	9.77795536274902	4.14828254504969	0	3.15951214827619	0.990507635163021	0	2.18167194490524	4.47297673125058	0.041522491349481	0.993004940566453	3.77803116685671	0.106976744186047	0.0570450656018254	0.0402507043873268	1.09544083732482	0.0489620054837446	Bacteria;Bacteroidetes;Bacteroidia;Bacteroidales;Porphyromonadaceae;;
OTU_11	2.68409844995791	2.31158658897698	0.443835875159356	1.72900004622995	5.06682161533992	2.28279540728686	1.2477175897748	0.954907161803713	0.176950739197443	1.38138633458414	2.43962664822954	2.54969749351772	2.07387536112258	3.86162510056315	1.70411702608958	0.157597107629554	0.685121107266436	0.117399598884704	0.573926263778031	4	8.16781621117046	1.69052958426772	0.789427000177399	7.42753623188406	Bacteria;Firmicutes;Clostridia;Clostridiales;Ruminococcaceae;;
OTU_49	0.445699004605556	0.205368230012418	0.212474621086926	0.443807498497527	1.0187875266318	0.167254316969533	0.473871837231545	0.106100795755968	0.319652948227639	0.33813038637582	0.197540619289841	0.576202823393835	0.180561287659926	0.101903995709305	0.221183330819886	0.315194215259108	0.103806228373702	0.22012424790882	0.102622576966933	0.502325581395349	0.560078825908832	0.0172503018802829	0.0532197977647685	0.440658049353702	Bacteria;Firmicutes;Clostridia;Clostridiales;Ruminococcaceae;;
OTU_42	0.411033526469569	1.16056929983762	0.288021153028944	0.129443853728445	0.646910710827039	0.117530060573185	0.152160681679854	0.301979187920833	0.0742051486957018	0.177312275782442	0.192602103807595	0.220877748967637	0.263103590590177	0.799141861088764	0.165887498114915	0.227125243348475	0.29757785467128	0.0831580492099985	0.516913721018624	0.897674418604651	1.02162526577815	0.442757748260595	0.536632960794749	1.02330591461026	Bacteria;Firmicutes;Clostridia;Clostridiales;Ruminococcaceae;;
OTU_30	1.34700143614124	0.315216353042315	0.302186127768072	1.34066848504461	0.21305442572148	0.212458186420758	0.660812103295366	0.236686390532544	0.753467663679434	1.03913240691106	0.400019754061929	0.883510995870546	1.50123813454395	0.466613032984714	0.794249233398683	1.06146287197553	0.256055363321799	2.47517487648584	0.368681109844166	0.376744186046512	0.186692941969611	0.0172503018802829	0.430193365265212	0.0832354093223658	Bacteria;Firmicutes;Clostridia;Clostridiales;Lachnospiraceae;;
OTU_10	3.97167335215174	7.55564046231732	3.2437792152604	6.59701354537469	3.43211311253147	4.70572280987253	1.9780888618381	2.70965109161396	0.68497060334494	1.90507607933693	9.67949034520223	2.50648228176318	5.21048287247214	7.25127379994637	3.17197003971246	2.70232687494206	7.75778546712803	0.948980090984689	1.96503230710756	3.07906976744186	5.97936005808225	5.5545972054511	3.35728224232748	3.53995299647474	Bacteria;Firmicutes;Clostridia;Clostridiales;Ruminococcaceae;;
OTU_22	0.78740157480315	2.84649918807909	1.21346616931866	1.82608293652628	0.534572922719349	1.97540909501853	0.730371272063299	0.506019179759233	0.142702209030196	0.498948496969197	6.68674996296113	0.187265917602996	0.330169211721007	2.32770179672835	0.36193635952345	0.45425048669695	2.70588235294118	0.317957246979406	0.452299505891296	0.893023255813953	1.51947311103044	4.91058593525387	0.456803264147596	0.827457892675284	Bacteria;Firmicutes;Clostridia;Clostridiales;Lachnospiraceae;;
OTU_32	0.435794582280988	0.014328016047378	0.495774115869493	0.388331561185336	0.550067790044548	0.840791971792785	0.465176941135553	1.00387675984493	0.239739711170729	0.371118716753948	0.365450145686207	2.19437241909152	0.572637226578622	0.193081255028158	1.04056703362992	1.65476963011032	2.12456747404844	0.934305141124101	0.748764728240213	0.269767441860465	0.140019706477208	0.149502616295785	0.48341316302998	0.0979240109674892	Bacteria;Proteobacteria;Alphaproteobacteria;Rhodospirillales;;;
OTU_286	1.20833952359729	1.81488203266788	0.103876481420275	0.559382367897924	1.0110400929692	0.257662055871983	0.878184505695157	0.277494388900224	0.00570808836120783	0.758731598696961	1.26425996345499	0.13924901565351	0.386917044985555	1.90399570930544	0.115618559292213	0.537684249559655	1.72318339100346	0.28860734725823	0.0988217407829722	0.781395348837209	1.33278016906083	1.0752688172043	0.266098988823842	0.763807285546416	Bacteria;Firmicutes;Clostridia;Clostridiales;Ruminococcaceae;Oscillibacter;
OTU_40	0.411033526469569	1.39936956729392	0.203031304594173	0.457676482825574	0.383497966298664	0.298345538378085	0.378227980175637	0.416241583350337	0.182658827558651	0.268030184322296	0.321003506345992	0.168059156823202	0.154766817994222	1.83963529096272	0.266425375760318	0.152961898581626	1.31487889273356	0.14185784865235	0.311668567084759	0.618604651162791	1.34315199917025	0.598010465183141	0.248359056235586	1.04778691735213	Bacteria;Firmicutes;Clostridia;Clostridiales;Lachnospiraceae;;
OTU_82	1.31233595800525	1.85309007546088	0.297464469521696	1.43775137534095	0.282781328684873	0.510803724798843	0.769498304495261	0.98347276066109	0.205491181003482	0.758731598696961	2.85446194873821	1.66618649764717	3.75567478332645	0.986859747921695	1.246669682803	1.46009085009734	0.837370242214533	0.337523846793523	0.756366400608134	0.26046511627907	0.606752061401234	1.13276982347191	1.88486783750222	0.244810027418723	Bacteria;Firmicutes;Clostridia;Clostridiales;Ruminococcaceae;;
OTU_4	3.25360273362056	0.89311300028656	7.52632324472355	4.28089316259073	0.379624249467364	8.52092939155592	1.03469263542301	3.32993266680269	3.16228095210914	5.43482742979671	1.78774260457307	1.52213579179871	2.81675608749484	1.65191740412979	5.00175941285879	1.5203485677204	7.61937716262976	2.00068483099349	1.51653363740023	1.72093023255814	0.705284447440751	3.66281409924674	10.0984566258648	1.03799451625539	Bacteria;Bacteroidetes;Bacteroidia;Bacteroidales;Bacteroidaceae;Bacteroides;
OTU_18	1.55994651611945	0.711624797019773	0.174701355115917	0.277379686560954	0.457098586093357	0.207937799475635	1.44335275193461	2.18730871250765	0.593641189565615	0.973155746154798	1.03708825127167	2.04071833285316	1.55282707387536	0.348618932689729	1.44271854421153	2.86455919161954	0.740484429065744	0.430465195910581	1.96883314329152	0.511627906976744	0.435616864595758	0.431257547007073	1.56111406776654	0.905797101449275	Bacteria;Firmicutes;Clostridia;Clostridiales;Ruminococcaceae;Clostridium IV;
OTU_29	0.594265339474075	2.96589932180724	0.594928939043392	0.758171143266608	1.29382142165408	0.262182442817105	0.339100947743674	0.24484799020608	0.114161767224157	0.202053523566039	1.66921823299916	0.13924901565351	0.763516302104829	2.10244033252883	0.276479163524858	0.245666079540187	0.844290657439446	0.132074548745292	0.197643481565944	2.12558139534884	3.72348700928279	1.96653441435225	0.274968955117971	3.67215041128085	Bacteria;Firmicutes;Clostridia;Clostridiales;Ruminococcaceae;;
OTU_20	2.33249145743574	1.75756996847836	2.68190188394164	0.536267394017845	3.45535541351927	2.41388662869542	0.830362577167203	0.150989593960416	0.810548547291512	1.31540967382788	0.143216948985135	0.792278882166523	0.928600907965332	2.78895146151783	1.50304127079877	0.894595346250116	1.67474048442907	2.19145917918114	0.247054351957431	5.26976744186047	2.7277913187782	1.31677304352826	0.69185737094199	3.65256560908735	Bacteria;Bacteroidetes;Bacteroidia;Bacteroidales;Rikenellaceae;Alistipes;
OTU_38	0.391224681820433	0.434616486770465	0.391897634449219	0.346724608201193	1.40615920976177	0.280263990597595	0.126075993391879	1.68537033258519	0.308236771505223	0.391736423240279	0.0839547631981826	0.446557188130222	0.825423029302518	0.0321802091713596	0.34685567787664	0.393992769073885	0.0207612456747405	0.132074548745292	0.608133789433675	1.44651162790698	2.76927863921589	0.575010062676097	1.10431080361895	2.34528006267137	Bacteria;Firmicutes;Clostridia;Clostridiales;Ruminococcaceae;Oscillibacter;
OTU_423	1.04491655524192	0.00477600534912599	0.722413711695547	1.65040913503768	0	0.700659976493988	1.19989566124685	0	0	0.964908663560266	2.31122524569115	0.00480169019494862	1.72307057366901	0	0	1.29322332437193	1.20415224913495	0	0	0	0.0051859150547114	4.39307687884538	0	0	Bacteria;Firmicutes;Clostridia;Clostridiales;Ruminococcaceae;;
OTU_17	2.6543851829842	3.81602827395167	0	0	2.25450319581639	0.0045203869451225	1.71724197895835	0.114262395429504	0.884753695987214	1.80198754690528	0	0	0	3.53445964065433	0.829437490574574	0	0	1.32074548745292	0.992018244013683	2.16744186046512	1.81507026914899	0	0.0532197977647685	1.72346259302781	Bacteria;Firmicutes;Clostridia;Clostridiales;Lachnospiraceae;;
OTU_26	1.63918189471599	0.477600534912599	0.245526228811559	0.369839582081272	0.302149912841371	0.302865925323208	0.891226849839144	1.01203835951847	0.793424282207889	1.20819760009896	0.0839547631981826	0.787477191971574	0.28373916632274	0.423706087422902	1.31201930327251	0.825067210531195	0.207612456747405	2.34310032774055	1.30368681109844	0.841860465116279	0.601566146346523	0.126502213788741	1.83164803973745	0.283979631805719	Bacteria;Firmicutes;Clostridia;Clostridiales;Ruminococcaceae;;
OTU_65	0.21294507997821	0	0.00944331649275225	0	0	0.0045203869451225	0.595600382575428	0.26525198938992	0.148410297391404	0.164941651890644	0.0839547631981826	0.216076058772688	0.190879075526207	0	0	0.482061740984518	0.463667820069204	0	0.56632459141011	0	0	0.12075211316198	0.133049494411921	0	Bacteria;Firmicutes;Clostridia;Clostridiales;Lachnospiraceae;;
OTU_47	1.0201554994305	1.88174610755564	0.760186977666557	1.45162035966899	1.16211504938989	1.40131995298798	0.76080340839927	0.408079983676801	0.251155887893145	0.523689744752794	1.58032495431873	0.45135887832517	1.36710689228229	1.40520246714937	0.281506057407128	0.491332159080375	1.57785467128028	0.166316098419997	0.40288863549981	0.911627906976744	1.87211533475082	1.51227646483813	0.549937910235941	1.35624755189973	Bacteria;Firmicutes;Clostridia;Clostridiales;Ruminococcaceae;;
OTU_85	0.311989303223889	0.310440347693189	0.221917937579678	0.379085571633304	0.275033895022274	0.262182442817105	0.23910964263977	0.277494388900224	0.154118385752611	0.107212073728918	0.291372413452516	0.153654086238356	0.314692529921585	0.203807991418611	0.115618559292213	0.101974599054417	0.27681660899654	0.00978329990705865	0.266058532877233	0.213953488372093	0.342270393610953	0.12075211316198	0.261664005676778	0.264394829612221	Bacteria;Firmicutes;Clostridia;Clostridiales;Lachnospiraceae;;
OTU_53	0.257514980438766	0.205368230012418	0.217196279333302	0.448430493273543	0.220801859384079	0.28930476448784	0.326058603599687	0.440726382370945	0.068497060334494	0.173188734485176	0.365450145686207	0.336118313646404	0.510730499380933	0.28425851434701	0.196048861408536	0.407898396217669	0.332179930795848	0.102724649024116	0.32307107563664	0.144186046511628	0.280039412954416	0.281754930711287	0.23061912364733	0.18605562083823	Bacteria;Firmicutes;Clostridia;;;;
OTU_7	5.29886594364384	4.54675709236794	2.97936635346334	1.25745457907633	5.53554135192717	2.9337311273845	1.96939396574211	1.86492552540298	5.60534277070609	2.77101975176281	1.01733418934268	2.34322481513493	1.89847296739579	3.99570930544382	5.21791584979641	3.18438861592658	2.98961937716263	8.97617766472631	3.92246294184721	7.76744186046512	3.44344759632837	2.53579437640159	4.81639169771155	4.2939678809244	Bacteria;Bacteroidetes;Bacteroidia;Bacteroidales;Porphyromonadaceae;;
OTU_41	0.311989303223889	0.377304422580953	0.160536380376788	1.28981554250844	0.329265930660469	0.352590181719555	0.621685070863403	0.0571311977147521	0.0228323534448313	0.243288936538699	1.97046767741617	0.605012964563526	1.14527445315724	0.466613032984714	0.0653496204695119	0.658199684805785	1.25259515570934	0.0342415496747053	0.0684150513112885	0.116279069767442	0.197064772079033	0.523259157035248	0.0975696292354089	0.607128867998433	Bacteria;Firmicutes;Clostridia;Clostridiales;Lachnospiraceae;;
OTU_8	0.411033526469569	0.721176807718025	0.81684687662307	0.531644399241829	0.507456904900252	0.736823072054968	0.308668811407704	14.5806978167721	2.62001255779439	0.127829780215249	0.26174132055904	0.259291270527226	1.04725546842757	1.42665593993028	2.91057155783441	0.834337628627051	0.0899653979238754	1.20334588856821	15.6214367160775	0.223255813953488	0.217808432297879	0.368006440112702	15.0612027674295	0.396592244418331	Bacteria;Firmicutes;Clostridia;Clostridiales;Lachnospiraceae;;
OTU_143	0.222849502302778	2.23039449804184	0.958496624014354	1.16961767833202	1.034282393957	0.77750655456107	0.121728545343883	0.00408079983676801	0	0.0989649911343862	1.95565213096943	0	0	2.4188790560472	0	0.0139056271437842	0.982698961937716	0	0	1.15348837209302	1.9084167401338	2.77729860272555	0.00443498314706404	1.35624755189973	Bacteria;Firmicutes;Clostridia;Clostridiales;Lachnospiraceae;;
OTU_58	0.505125538552964	2.30681058362785	1.31262099249256	2.87087975590588	1.0962618632578	1.29283066630504	1.93026693331015	1.35890634564375	0.468063245619042	0.738113892210631	1.28401402538397	0.5233842312494	0.758357408171688	2.11316706891928	0.879706429397275	0.458885695744878	2.75432525951557	0.963655040845277	1.18586088939567	1.43720930232558	1.52465902608515	0.598010465183141	1.04222103956005	1.39541715628672	Bacteria;Firmicutes;Clostridia;Clostridiales;Lachnospiraceae;;
OTU_382	0.292180458574754	3.07097143948801	0.20775296284055	0.453053488049559	0.0581057524694945	0.0587650302865925	0.113033649247891	0.146908794123648	0.0228323534448313	0.090717908539854	0.567929280458294	0.336118313646404	0.108336772595955	2.42424242424242	1.81973558538179	0.208584407156763	1.5916955017301	1.49195323582644	1.15165336374002	0.0372093023255814	0.134833791422496	0.53475935828877	0.226184140500266	0.102820211515864	Bacteria;Firmicutes;Clostridia;Clostridiales;Ruminococcaceae;Flavonifractor;
OTU_54	0.227801713465062	0.912217021683064	0.160536380376788	0.56400536267394	0.476467170249855	0.39779405117078	0.173897921919833	0.118343195266272	0.0399566185284548	0.0948414498371201	0.459281939848881	0.124843945068664	0.263103590590177	1.08340037543577	0.0603227265872417	0.176137943821266	0.193771626297578	0.0880496991635279	0.117825921702775	0.67906976744186	0.902349219519784	0.184003220056351	0.177399325882562	0.54837446141794	Bacteria;Firmicutes;Clostridia;Clostridiales;;;
OTU_5	0.217897291140494	0	0.576042306057888	0	0.00387371683129963	0	13.0293017998435	12.5035706998572	16.2395113876363	17.3889736505711	0	12.8493229616825	3.88980602558811	0.0053633681952266	0.00502689388227015	17.4561972744971	0	0	9.74534397567465	0	0	0	0.447933297853468	0	Bacteria;Bacteroidetes;Bacteroidia;Bacteroidales;Porphyromonadaceae;;
OTU_27	0.297132669737038	3.78737224185691	1.29373435950706	2.26064444547178	2.16153399186519	1.60021697857337	0.121728545343883	0.012242399510304	0	0.193806440971506	3.68413254975554	0.00960338038989724	0.00515889393314073	4.05470635559131	0	0.00927041809585612	1.58477508650519	0.00489164995352933	0	1.9953488372093	3.57309547269616	5.76160082801449	0.00443498314706404	2.35017626321974	Bacteria;Firmicutes;Clostridia;Clostridiales;Lachnospiraceae;;
OTU_67	0.133709701381667	0.0334320374438819	0.193587988101421	0.0832139059682863	0.0929692039511912	0.203417412530513	0.0739066168159291	0.608039175678433	0.119869855585364	0.0536060368644592	0.0296310928934762	0.17286084701815	0.0361122575319851	0.0482703137570394	0.211129543055346	0.407898396217669	0.0761245674740484	0.0782663992564692	0.117825921702775	0.181395348837209	0.0726028107659596	0.253004427577483	0.541067943941813	0.0734430082256169	Bacteria;Bacteroidetes;Bacteroidia;Bacteroidales;Porphyromonadaceae;;
OTU_64	0.326845936710741	0.0668640748877639	0.0519382407101374	0.0600989320882067	0.244044160371877	0.0316427086158575	0.517346317711503	0.514180779432769	0.228323534448313	0.391736423240279	0.0938317941626747	0.220877748967637	0.412711514651259	0.0482703137570394	0.125672347056754	0.254936497636043	0.0968858131487889	0.136966198698821	0.497909540098822	0.0837209302325581	0.207436602188456	0.0402507043873268	0.46123824729466	0.0832354093223658	Bacteria;Firmicutes;Clostridia;Clostridiales;Lachnospiraceae;;
OTU_51	0.222849502302778	0.319992358391441	0.0613815572028897	0.328232629097129	0.0890954871198915	0.0858873519573276	0.213024954351795	0.889614364415425	0.388150008562133	0.111335615026184	0.775346930712628	0.609814654758475	0.62938505984317	0.25207830517565	0.33177499622983	0.28738296097154	0.249134948096886	0.0880496991635279	1.14025085518814	0.134883720930233	0.134833791422496	0.488758553274682	1.3571048430016	0.235017626321974	Bacteria;Firmicutes;Clostridia;Clostridiales;Lachnospiraceae;;
OTU_56	0.0792353785965434	0.998185117967332	0.155814722130412	0.309740649993065	0.236296726709278	0.388753277280535	0.0956438570559082	0.171393593144256	0.125577943946572	0.0288647890808626	0.306187959899254	0.0576202823393835	0.0464300453982666	0.691874497184232	0.0452420449404313	0.0231760452396403	0.145328719723183	0.102724649024116	0.269859369061193	0.237209302325581	0.694912617331328	0.741762980852165	0.106439595529537	0.367215041128085	Bacteria;Firmicutes;Clostridia;Clostridiales;Ruminococcaceae;Oscillibacter;
OTU_37	0.173327390679939	0.702072786321521	0.136928089144908	0.046229947760159	0.472593453418555	0.140131995298798	0.378227980175637	0.750867169965313	0.0285404418060392	0.0577295781617253	2.12850017284804	0.134447325458561	1.29488237721832	0.337892196299276	0.160860604232645	0.0185408361917122	0.228373702422145	0.420681896003522	1.13645001900418	0.12093023255814	0.596380231291811	0.741762980852165	0.864821713677488	3.11398354876616	Bacteria;Deferribacteres;Deferribacteres;Deferribacterales;Deferribacteraceae;Mucispirillum;
OTU_78	0.173327390679939	0.0382080427930079	0.448557533405732	0.781286117146688	0.0774743366259926	0.456559081457373	0.139118337535866	0.240767190369312	0.102745590501741	0.111335615026184	0.207417650254334	0.115240564678767	0.0722245150639703	0	0.291559845171668	0.101974599054417	0.15916955017301	0.107616298977645	0.00380083618396047	0.027906976744186	0.0570450656018254	0.523259157035248	0	0.244810027418723	Bacteria;Firmicutes;Clostridia;Clostridiales;Lachnospiraceae;;
OTU_76	0.0990442232456792	0.0811920909351418	0.358846026724586	0.152558827608525	0.162696106914585	0.27122321670735	0.0565168246239457	0.00408079983676801	0.0171242650836235	0.0783472846480558	0.103708825127167	0.0528185921444348	0.0103177878662815	0.278895146151783	0.0653496204695119	0.0556225085751367	0.0899653979238754	0.117399598884704	0	0.251162790697674	0.228180262407302	0.0287505031338048	0	0.0881316098707403	Bacteria;;;;;;
OTU_43	0.668548506908335	1.50444168497469	0.467444166391237	1.00781286117147	0.987797791981406	0.876955067353765	0.417355012607599	0.710059171597633	0.0799132370569096	0.247412477835966	1.5013087066028	0.427350427350427	0.603590590177466	1.28720836685438	0.447393555522043	0.296653379067396	0.809688581314879	0.166316098419997	0.40668947168377	0.744186046511628	1.36908157444381	0.339255936978897	0.634202590030158	0.842146494320407	Bacteria;Firmicutes;Clostridia;Clostridiales;Ruminococcaceae;Oscillibacter;
OTU_14	2.07992868815926	1.38981755659566	2.95575806223146	1.02630484027553	1.85551036219252	2.20594882921978	0.612990174767412	1.17527035298919	3.01957874307894	1.15046802193724	0.355573114721715	1.06117353308365	0.149607924061081	1.45883614910164	2.16156436937616	2.02558635394456	0.692041522491349	2.66105757471995	2.32611174458381	3.8093023255814	1.60244775190582	1.66752918176068	2.24853645556147	1.25342734038386	Bacteria;Bacteroidetes;Bacteroidia;Bacteroidales;Porphyromonadaceae;Odoribacter;
OTU_72	0.247610558114198	0.334320374438819	0.037773265971009	0.221903749248763	0.205306992058881	0.05424464334147	0.213024954351795	0.489695980412161	0.119869855585364	0.16906519318791	0.592621857869524	0.211274368577739	0.737721832439125	0.166264414052025	0.35690946564118	0.449615277649022	0.408304498269896	0.185882698234114	0.429494488787533	0.227906976744186	0.243738007571436	0.138002415042263	0.408018449529892	0.244810027418723	Bacteria;Firmicutes;Clostridia;Clostridiales;Lachnospiraceae;;
OTU_77	0.0990442232456792	0	0.00472165824637613	0	0	0	0.543431005999478	0.775351968985921	0.359609566756093	0.309265597294957	0	0.821089023336214	0.123813454395378	0	0.422259086110692	0.366181514786317	0	0.195665998141173	0.273660205245154	0	0	0	0.221749157353202	0	Bacteria;Bacteroidetes;Bacteroidia;Bacteroidales;Porphyromonadaceae;;
OTU_66	0.0792353785965434	0.210144235361544	0.14637140563766	0.147935832832509	0.333139647491768	0.284784377542718	0.026084688287975	0.0693735972250561	0	0.0371118716753948	0.291372413452516	0.0528185921444348	0.0928600907965332	0.257441673370877	0.0251344694113507	0.0648929266709929	0.166089965397924	0.0391331996282346	0.0266058532877233	0.316279069767442	0.352642223720375	0.402507043873268	0.0532197977647685	0.2301214257736	Bacteria;Firmicutes;Clostridia;Clostridiales;Ruminococcaceae;Clostridium IV;
OTU_96	0.198088446491358	0.00477600534912599	0.0188866329855045	0.0323609634321113	0.131706372264187	0.0045203869451225	0.226067298495783	0.0326463986941441	0.0456647068896627	0.0783472846480558	0.00987703096449207	0.216076058772688	0.0928600907965332	0	0.854571959985925	0.217854825252619	0.145328719723183	0.415790246049993	0.0456100342075257	0.130232558139535	0.0726028107659596	0.0287505031338048	0.0532197977647685	0.122405013709362	Bacteria;Bacteroidetes;Bacteroidia;Bacteroidales;Porphyromonadaceae;Barnesiella;
OTU_101	0.0841875897588273	0.491928550959977	0.0991548231738987	0.628727289538163	0.267286461359675	0.212458186420758	0.147813233631858	0.0612119975515201	0.00570808836120783	0.0701002020535236	0.898809817768779	0.0864304235090752	0.216673545191911	0.713327969965138	0.0854571959985925	0.111245017150273	1.25259515570934	0.00978329990705865	0.114025085518814	0.274418604651163	0.611937976455946	0.787763785866253	0.133049494411921	0.470035252643948	Bacteria;Firmicutes;Clostridia;Clostridiales;Lachnospiraceae;Clostridium XlVa;
OTU_69	0.0594265339474075	0	0.00944331649275225	0	0.0619794693007941	0	0.0391270324319624	0.0897775964088961	0.525144129231121	0.107212073728918	0	0.0432152117545376	0.0670656211308295	0	0.271452269642588	0.403263187169741	0	0.156532798512938	0.513112884834664	0.0697674418604651	0.0311154903282684	0.0172503018802829	0.421323398971084	0.225225225225225	Bacteria;Proteobacteria;Deltaproteobacteria;;;;
OTU_89	0.173327390679939	0.0620880695386379	0.0849898484347703	0.147935832832509	0.534572922719349	0.226019347256125	0.0217372402399791	0.326463986941441	0.159826474113819	0.0412354129726609	0.26174132055904	0.0192067607797945	0.0154766817994222	0.166264414052025	0.0854571959985925	0.0927041809585612	0.0830449826989619	0.0538081494888226	0.307867730900798	0.0418604651162791	0.217808432297879	0.322005635098614	1.29058009579564	0.700156678417548	Bacteria;Firmicutes;Clostridia;Clostridiales;Lachnospiraceae;;
OTU_79	0.0742831674342594	0.014328016047378	0.339959393739081	0.0046229947760159	0.0968429207824908	0.226019347256125	0.0521693765759499	1.41195674352173	0.0970375021405331	0.0577295781617253	0.0197540619289841	0.124843945068664	0.0722245150639703	0.0375435773665862	0.145779922585834	0.078798553814777	0.0484429065743945	0.107616298977645	0.0266058532877233	0.0930232558139535	0.051859150547114	0.103501811281697	0.239489089941458	0.0832354093223658	Bacteria;Bacteroidetes;Bacteroidia;Bacteroidales;Rikenellaceae;Alistipes;
OTU_74	0.0643787451096915	0.105072117680772	0.151093063884036	0.619481299986131	0.0968429207824908	0.357110568664678	0.0608642726719416	0.0938583962456642	0.0171242650836235	0.0329883303781287	0.617314435280755	0.0480169019494862	0.0567478332645481	0.171627782247251	0.0854571959985925	0.0556225085751367	0.15916955017301	0.029349899721176	0.106423413150893	0.0930232558139535	0.243738007571436	0.517509056408487	0.0709597303530247	0.0832354093223658	Bacteria;Firmicutes;Clostridia;Clostridiales;Lachnospiraceae;;
OTU_136	0.207992868815926	0	0	0	0	0	0.00434744804799583	0	0	0.0701002020535236	0	0.0240084509747431	0.0154766817994222	0	0.452420449404313	0.074163344766849	0	0.890280291542337	0	0	0	0	0	0	Bacteria;Bacteroidetes;Bacteroidia;Bacteroidales;Porphyromonadaceae;;
OTU_87	0.103996434407963	0.0525360588403859	0.113319797913027	0.157181822384541	0.0309897346503971	0.14465238224392	0.0956438570559082	0.18363599265456	0.0570808836120783	0.16906519318791	0.271618351523532	0.192067607797945	0.159925711927363	0.0858138911236256	0.422259086110692	0.14369148048577	0.470588235294118	0.0684830993494106	0.357278601292284	0.0465116279069767	0.0726028107659596	0.0977517106549365	0.580982792265389	0.112612612612613	Bacteria;Firmicutes;Clostridia;Clostridiales;Lachnospiraceae;;
OTU_70	0.0544743227851236	0.00477600534912599	3.33349072194155	0.0323609634321113	0.00774743366259926	0.904077389024501	0.695591687679332	0.00816159967353601	0	0.259783101727764	0	0.17286084701815	0.1392901361948	0	0.115618559292213	0.0185408361917122	0	0.190774348187644	0	0.390697674418605	0.243738007571436	0.0402507043873268	0	0.0244810027418723	Bacteria;Firmicutes;Erysipelotrichia;Erysipelotrichales;Erysipelotrichaceae;Allobaculum;
OTU_107	0.0693309562719754	0.0382080427930079	0.136928089144908	0.00924598955203181	0.073600619794693	0.298345538378085	0.0304321363359708	0.0448887982044481	0.0799132370569096	0.0536060368644592	0.00493851548224604	0.0528185921444348	0.0309533635988444	0.0321802091713596	0.0452420449404313	0.0463520904792806	0.0899653979238754	0.269040747444113	0.0190041809198024	0.0465116279069767	0.0570450656018254	0.12075211316198	0.0221749157353202	0.063650607128868	Bacteria;Bacteroidetes;Bacteroidia;Bacteroidales;Porphyromonadaceae;;
OTU_73	0.0643787451096915	0.0764160855860159	0.0330516077246329	0	0.0154948673251985	0.009040773890245	0.0304321363359708	0.440726382370945	0.0799132370569096	0.0577295781617253	0.00493851548224604	0.336118313646404	0.077383408997111	0.0107267363904532	1.19640074398029	0.375451932882173	0.0830449826989619	0.621239544098224	0.824781451919422	0.0418604651162791	0.0363014053829798	0.00575010062676097	0.87812666311868	0.0244810027418723	Bacteria;Firmicutes;Clostridia;Clostridiales;Lachnospiraceae;;
OTU_61	0.0495221116228396	1.0841532142516	0.00944331649275225	0.0046229947760159	0.0929692039511912	0.0045203869451225	0.652117207199374	0	0	0.350501010267618	0	0.00480169019494862	0.0619067271976888	1.9361759184768	0.0201075755290806	0.0278112542875684	0	0.376657046421758	0	1.29302325581395	0.311154903282684	0	0	0.107716412064238	Bacteria;Firmicutes;Clostridia;Clostridiales;Lachnospiraceae;;
OTU_86	0.0297132669737038	0.0859680962842678	0.0802681901883942	0.0508529425361749	0.0658531861320937	0.0949281258475726	0.00869489609599165	0.175474392981024	0.068497060334494	0.0247412477835966	0.0987703096449207	0.0144050705848459	0.0309533635988444	0.0482703137570394	0.0452420449404313	0.0185408361917122	0.041522491349481	0	0.186240973014063	0.0651162790697674	0.0985323860395167	0.0920016100281755	0.266098988823842	0.18605562083823	Bacteria;Firmicutes;Clostridia;Clostridiales;Lachnospiraceae;;
OTU_106	0.0297132669737038	0.133728149775528	0.259691203550687	0.0138689843280477	0.20918070889018	0.189856251695145	0.00434744804799583	0.016323199347072	0.0228323534448313	0.0164941651890644	0.0691392167514445	0.00960338038989724	0.00515889393314073	0.112630732099759	0.0301613632936209	0.00463520904792806	0.0622837370242214	0.0684830993494106	0	0.125581395348837	0.0570450656018254	0.35650623885918	0	0.122405013709362	Bacteria;Bacteroidetes;Bacteroidia;Bacteroidales;Porphyromonadaceae;;
OTU_94	0.0940920120833952	0.109848123029898	0.240804570565182	0.0693449216402385	0.147201239589386	0.257662055871983	0.026084688287975	0	0.00570808836120783	0.0989649911343862	0.00493851548224604	0.0528185921444348	0.257944696657037	0.455886296594261	0.0150806816468104	0.0556225085751367	0.0069204152249135	0	0.0228050171037628	0.0418604651162791	0.33189856350153	0.0287505031338048	0.00443498314706404	0.122405013709362	Bacteria;Firmicutes;Clostridia;Clostridiales;Lachnospiraceae;Clostridium XlVa;
OTU_134	0.0247610558114198	0	0	0.309740649993065	0	0.03616309556098	0.0391270324319624	0.0326463986941441	0.0228323534448313	0.0783472846480558	0.00493851548224604	0	0	0	0	0.0324464633354964	0.0622837370242214	0	0.00380083618396047	0	0	0.00575010062676097	0.00443498314706404	0	Bacteria;Proteobacteria;Gammaproteobacteria;Enterobacteriales;Enterobacteriaceae;Escherichia/Shigella;
OTU_83	0.0297132669737038	0	0.20775296284055	0.392954555961352	0.10459035444509	0.19889702558539	0.0130423441439875	0.00408079983676801	0.00570808836120783	0.045358954269927	0.395081238579683	0.00480169019494862	0.00515889393314073	0.187717886832931	0	0.0324464633354964	0.242214532871972	0	0	0.130232558139535	0.171135196805476	0.138002415042263	0.0133049494411921	0.0538582060321191	Bacteria;Firmicutes;Clostridia;Clostridiales;Lachnospiraceae;;
OTU_236	0.0148566334868519	0.0907441016333938	0.127484772652155	0.374462576857288	0.0464846019755956	0.221498960311003	0.0739066168159291	0.0489695980412161	0.0228323534448313	0.0206177064863305	0.182725072843103	0.0144050705848459	0.00515889393314073	0.0643604183427192	0.0452420449404313	0.0278112542875684	0.186851211072664	0.00978329990705865	0.0608133789433675	0.130232558139535	0.0674168957112482	0.0747513081478926	0.0443498314706404	0.102820211515864	Bacteria;Firmicutes;Clostridia;Clostridiales;Lachnospiraceae;;
OTU_206	0.00990442232456792	0.0716400802368899	0.0188866329855045	0.0277379686560954	0.375750532636064	0.0497242563963475	0	0	0	0.00824708259453218	0.0197540619289841	0	0	0.0214534727809064	0	0.00463520904792806	0.027681660899654	0.00489164995352933	0	0.632558139534884	0.658611211948348	0.0172503018802829	0	0.00489620054837446	Bacteria;Firmicutes;Clostridia;Clostridiales;Lachnospiraceae;;
OTU_44	0.0643787451096915	0.234024262107174	4.83497804428915	0.30511765521705	0.42610885144296	2.83880300153693	0.0782540648639249	0.179555192817792	0.154118385752611	0.181435817079708	0.0592621857869524	0.0576202823393835	0.0309533635988444	0.155537677661571	0.0804303021163223	0.0973393900064893	0.422145328719723	0.0195665998141173	0.121626757886735	0.562790697674419	0.290411243063839	1.33977344603531	0.0133049494411921	0.401488444966706	Bacteria;Firmicutes;Bacilli;Lactobacillales;Lactobacillaceae;Lactobacillus;
OTU_115	0.00495221116228396	0	0.0424949242173851	0	0.0116211504938989	0.027122321670735	0.00434744804799583	0.024484799020608	0.428106627090587	0.148447486701579	0	0	0	0	0.00502689388227015	0	0	0.0195665998141173	0.00380083618396047	0	0.0155577451641342	0	0.00443498314706404	0.00489620054837446	Bacteria;Firmicutes;;;;;
OTU_194	0.00990442232456792	0.0907441016333938	0.254969545304311	0.36059359252924	0.0193685841564982	0.189856251695145	0.00869489609599165	0.191797592328096	0.0171242650836235	0.00824708259453218	0.182725072843103	0.0336118313646404	0.0154766817994222	0.0107267363904532	0.0201075755290806	0.00927041809585612	0.103806228373702	0.0342415496747053	0.0532117065754466	0.0325581395348837	0.0311154903282684	0.0632511068943706	0.0133049494411921	0.0391696043869957	Bacteria;Firmicutes;Clostridia;Clostridiales;Lachnospiraceae;;
OTU_52	0.00495221116228396	0	0	0	5.2682548905675	0	0	0	0	0	0	0	0	0	0	0	0	0	0	0.00465116279069767	0.171135196805476	0	0	0	Bacteria;Firmicutes;Clostridia;Clostridiales;;;
OTU_294	0.00495221116228396	0.267456299551055	0.151093063884036	0.208034764920716	0.158822390083285	0.135611608353675	0	0	0	0	0.23704874314781	0	0	0.171627782247251	0.00502689388227015	0	0.152249134948097	0.00978329990705865	0	0.12093023255814	0.217808432297879	0.155252716922546	0	0.122405013709362	Bacteria;Firmicutes;Clostridia;Clostridiales;Lachnospiraceae;;
OTU_24	0.0148566334868519	0.253128283503677	0.788516927144813	0.328232629097129	0.42223513461166	0.700659976493988	0.34344839579167	2.22811671087533	2.90541697585479	0.334006845078553	0.0691392167514445	0.45135887832517	0.263103590590177	0.675784392598552	0.759060976222792	0.820432001483267	0.906574394463668	0.513623245120579	2.32231090839985	0.613953488372093	0.414873204376912	0.166752918176068	2.51463544438531	0.455346650998825	Bacteria;Bacteroidetes;Bacteroidia;Bacteroidales;Rikenellaceae;Alistipes;
OTU_21	0.0148566334868519	0.014328016047378	0.00472165824637613	0.00924598955203181	0.00774743366259926	0.0226019347256125	0	0.00408079983676801	0.0114161767224157	0.0247412477835966	0.0197540619289841	0.00960338038989724	0.00515889393314073	0.0214534727809064	8.73171467350324	0.00927041809585612	0.027681660899654	4.4709680575258	0.00380083618396047	4.8	0.523777420525852	0.00575010062676097	0.00443498314706404	1.26811594202899	Bacteria;Firmicutes;Clostridia;Clostridiales;Lachnospiraceae;;
OTU_103	0.00495221116228396	0.0668640748877639	0	0	0.123958938601588	0	0	0.346867986125281	0.86762943090359	0	0	0	0.108336772595955	0.0107267363904532	0	0.0185408361917122	0	0	0.00380083618396047	0	0.0051859150547114	0	0	0.0195848021934978	Bacteria;Bacteroidetes;Bacteroidia;Bacteroidales;Porphyromonadaceae;;
OTU_140	0.0346654781359877	0.124176139077276	0.0283299494782568	0.0323609634321113	0.0929692039511912	0.03616309556098	0.0652117207199374	0.0448887982044481	0.0171242650836235	0.0536060368644592	0.103708825127167	0.076827043119178	0.309533635988444	0.0697237865379458	0.0402151510581612	0.0648929266709929	0.0899653979238754	0.014674949860588	0	0.0511627906976744	0.0933464709848053	0.0230004025070439	0.0310448820294483	0.0783392087739914	Bacteria;Firmicutes;Clostridia;Clostridiales;Ruminococcaceae;Oscillibacter;
OTU_57	0.0148566334868519	0.448944502817843	0.368289343217338	0.388331561185336	0.220801859384079	0.501762950908598	0.360838187983654	0.0652927973882881	0.0114161767224157	0.197929982268772	0.246925774112302	0.10563718428887	0.226991333058192	0.997586484312148	0.0552958327049716	0.101974599054417	0.152249134948097	0.0244582497676466	0.0152033447358419	0.176744186046512	0.363014053829798	0.603760565809902	0.00443498314706404	0.372111241676459	Bacteria;Firmicutes;Clostridia;Clostridiales;Lachnospiraceae;;
OTU_151	0.00495221116228396	0.0716400802368899	0	0	0.244044160371877	0	0	0	0	0	0	0	0	0.0643604183427192	0	0	0	0.00489164995352933	0	0.534883720930233	0.0829746408753825	0	0	0.0832354093223658	Bacteria;Firmicutes;;;;;
OTU_97	0.00990442232456792	0	0.0141649747391284	0.0046229947760159	0	0.009040773890245	0.00869489609599165	0.00408079983676801	0	0	0.00493851548224604	0.00480169019494862	0.0257944696657037	0	0.0100537877645403	0.00463520904792806	0.0069204152249135	1.38922858680233	0	0.00465116279069767	0	0.0287505031338048	0.00443498314706404	0.00979240109674892	Bacteria;Bacteroidetes;Bacteroidia;Bacteroidales;Rikenellaceae;Alistipes;
OTU_23	0	4.92883752029802	0	0.0046229947760159	0.0503583188068952	0	0	0.00408079983676801	0.00570808836120783	0.0206177064863305	0	0	0	4.16733708769107	0	0.00463520904792806	0.103806228373702	0	0	3.3953488372093	3.28787014468703	0	0	3.64766940853897	Bacteria;Firmicutes;Clostridia;Clostridiales;Lachnospiraceae;;
OTU_247	0	0.950425064476072	0.528825723594126	0	0.383497966298664	0.836271584847663	0.00869489609599165	0.0530503978779841	0.00570808836120783	0.00412354129726609	0.148155464467381	0.00480169019494862	0.0103177878662815	0.681147760793778	0	0.00463520904792806	0.027681660899654	0.00489164995352933	0.114025085518814	0.567441860465116	0.233366177462013	1.02351791156345	0.0975696292354089	0.514101057579318	Bacteria;Firmicutes;Clostridia;Clostridiales;Ruminococcaceae;;
OTU_33	0	0.8453529467953	0.217196279333302	0.245018723128843	0.484214603912454	0.25314166892686	0	1.7343399306264	0.410982362006964	0	0.162971010914119	0	0	0.439796192008581	1.38239581762429	0	0.117647058823529	1.07127133982292	1.51653363740023	0.423255813953488	0.705284447440751	0.172503018802829	2.12879191059074	0.518997258127693	Bacteria;Firmicutes;Clostridia;Clostridiales;Ruminococcaceae;;
OTU_36	0	1.60473779730633	0	0.0046229947760159	2.39395700174317	0	0.00434744804799583	0.281575188736992	0.199783092642274	0.272153725619562	0.0148155464467381	0	0	1.36765888978278	0.442366661639773	0.00463520904792806	1.01730103806228	0.454923445678227	0.786773090079818	1.04186046511628	0.933464709848053	0.0230004025070439	0.598722724853646	2.40403446925186	Bacteria;Firmicutes;Clostridia;Clostridiales;Lachnospiraceae;;
OTU_68	0	1.06027318750597	0	0	1.24346310284718	0	0	0	0	0	0	0	0	1.17457763475463	0.155833710350374	0	0	0.156532798512938	0	1.35813953488372	0.803816833480268	0	0	1.15550332941637	Bacteria;;;;;;
OTU_397	0	0.377304422580953	0	0	0	0	0	0	0	0	0	0	0	0.230624832394744	0	0	0	0	0	0	0	0	0	0	Bacteria;Firmicutes;Clostridia;Clostridiales;Lachnospiraceae;;
OTU_60	0	0.745056834463655	0	0	1.44489637807476	0	0	0.485615180575393	0.810548547291512	0.00412354129726609	0	0	0	0.488066505765621	0	0	0	0.00489164995352933	0.296465222348917	1.09302325581395	0.352642223720375	0	0.25279403938265	0.587544065804935	Bacteria;Bacteroidetes;Bacteroidia;Bacteroidales;Porphyromonadaceae;;
OTU_112	0	0.582672652593371	0.00472165824637613	0	0.123958938601588	0	0	0	0	0	0	0	0	0.026816840976133	0	0	0	0	0	0.162790697674419	0	0	0	0.347630238934587	Bacteria;Firmicutes;Clostridia;Clostridiales;Lachnospiraceae;;
OTU_674	0	0.243576272805426	0.23136125407243	0.106328879848366	0.131706372264187	0.239580508091493	0.026084688287975	0.00408079983676801	0	0.136076862809781	0.172848041878611	0	0	0.144810941271118	0.00502689388227015	0	0.0484429065743945	0	0	0.288372093023256	0.757143597987865	0.212753723190156	0	0.205640423031727	Bacteria;Firmicutes;Clostridia;Clostridiales;Ruminococcaceae;;
OTU_63	0	0.257904288852804	0.0424949242173851	0.0508529425361749	0.116211504938989	0.113009673628063	0	0.697816772087329	0.256863976254352	0	0.0987703096449207	0	0	0.134084204880665	0.452420449404313	0	0.0484429065743945	0.28860734725823	0.395286963131889	0.0372093023255814	0.119276046258362	0.0345006037605658	0.541067943941813	0.137093615354485	Bacteria;Firmicutes;Clostridia;Clostridiales;Lachnospiraceae;;
OTU_98	0	0.382080427930079	0	0	0.352508231648267	0	0	0	0	0	0	0	0	0.573880396889246	0	0.00463520904792806	0	0	0.0190041809198024	0.12093023255814	0.274853497899704	0	0	0.0832354093223658	Bacteria;Firmicutes;;;;;
OTU_84	0	0.229248256758048	0.00472165824637613	0	0.484214603912454	0	0	0	0	0.00824708259453218	0.108647340609413	0	0	0.327165459908823	0	0	0.352941176470588	0.00489164995352933	0	0.144186046511628	0.352642223720375	0.0517509056408487	0	0.210536623580102	Bacteria;Firmicutes;Clostridia;Clostridiales;Lachnospiraceae;;
OTU_100	0	0.21492024071067	0.113319797913027	0.0323609634321113	0.484214603912454	0	0	0	0	0.00412354129726609	0	0	0	0.053633681952266	0	0	0	0	0	0.0744186046511628	0.0829746408753825	0	0	0.0979240109674892	Bacteria;Firmicutes;Clostridia;Clostridiales;;;
OTU_95	0	0.26268029420193	0	0	0.584931241526244	0	0	0	0	0.00412354129726609	0	0	0	0.289621882542237	0	0	0	0	0	0.125581395348837	0.0363014053829798	0	0	0.00489620054837446	Bacteria;Firmicutes;;;;;
OTU_256	0	0.162384181870284	0.00472165824637613	0.0184919791040636	0.340887081154368	0.0226019347256125	0	0	0	0	0	0	0	0.0429069455618128	0	0	0.013840830449827	0	0	0.12093023255814	0.176321111860188	0.00575010062676097	0.00443498314706404	0.00979240109674892	Bacteria;Firmicutes;Clostridia;;;;
OTU_114	0	0.0668640748877639	0	0	0	0	0	0	0	0	0	0	0	0.150174309466345	0.155833710350374	0	0	0.337523846793523	0	0	0	0	0	0	Bacteria;Firmicutes;Clostridia;Clostridiales;;;
OTU_477	0	0.0859680962842678	0	0.00924598955203181	0.360255665310866	0	0	0	0.00570808836120783	0	0	0	0	0.026816840976133	0.0552958327049716	0	0	0.122291248838233	0.0152033447358419	0.181395348837209	0.0674168957112482	0.0172503018802829	0	0.0342734038386212	Bacteria;Firmicutes;;;;;
OTU_99	0	0.0286560320947559	0.00944331649275225	0.0231149738800795	0	0	0	0.12242399510304	0.0228323534448313	0.00412354129726609	0.0395081238579683	0	0	0.0053633681952266	0.935002262102247	0	0.0761245674740484	0.029349899721176	0.0608133789433675	0.0604651162790698	0.0207436602188456	0.00575010062676097	0.0399148483235764	0.00979240109674892	Bacteria;Firmicutes;Clostridia;Clostridiales;Lachnospiraceae;;
OTU_90	0	0.105072117680772	0.193587988101421	0.175673801488604	0.042610885144296	0.117530060573185	0	0	0	0	0.424712331473159	0	0	0.026816840976133	0	0	0.643598615916955	0	0	0.0325581395348837	0.0363014053829798	0.437007647633834	0	0.0538582060321191	Bacteria;Firmicutes;Clostridia;Clostridiales;Lachnospiraceae;;
OTU_111	0	0.0620880695386379	0	0	0.151074956420686	0	0	0	0	0	0	0	0	0.0214534727809064	0	0	0	0	0	0.353488372093023	0.0311154903282684	0	0	0.063650607128868	Bacteria;Firmicutes;Clostridia;;;;
OTU_246	0	0.286560320947559	0.136928089144908	0.208034764920716	0.170443540577184	0.0949281258475726	0	0	0	0.00824708259453218	0.355573114721715	0	0	0.31643872351837	0	0	0.152249134948097	0	0	0.167441860465116	0.342270393610953	0.53475935828877	0	0.2301214257736	Bacteria;Firmicutes;Clostridia;Clostridiales;Lachnospiraceae;;
OTU_39	0	0.00477600534912599	3.3618206714198	5.02519532152929	0	2.1697857336588	0.969480914703069	0	0	0	2.2420860289397	0.624219725343321	0.237309120924474	0	0	0.876054510058404	3.27335640138408	0	0	0	0	0.442757748260595	0	0	Bacteria;Firmicutes;Clostridia;Clostridiales;Lachnospiraceae;;
OTU_75	0	0.00477600534912599	1.62897209499976	0.0046229947760159	0	1.71322665220143	0	0	0	0.0948414498371201	0	0.00480169019494862	0	0	0	0	0.0069204152249135	0	0	0	0	0	0	0	Bacteria;Firmicutes;Clostridia;Clostridiales;Peptostreptococcaceae;Clostridium XI;
OTU_123	0	0.00477600534912599	0.849898484347703	0.00924598955203181	0.0154948673251985	0.320947473103698	0	0	0.0228323534448313	0	0.00987703096449207	0	0	0	0	0	0.013840830449827	0.00489164995352933	0	0.00930232558139535	0.0155577451641342	0.0230004025070439	0	0.00489620054837446	Bacteria;Firmicutes;Bacilli;Lactobacillales;Lactobacillaceae;Lactobacillus;
OTU_80	0	0	0.0472165824637613	0.217280754472747	0.797985667247724	0.117530060573185	0.00434744804799583	0	0	0	0.0543236703047064	0	0.00515889393314073	0	0	0.00463520904792806	0	0	0	0.33953488372093	0.290411243063839	0	0	0.254602428515472	Bacteria;Candidatus Saccharibacteria;Saccharibacteria_genera_incertae_sedis;Saccharibacteria_genera_incertae_sedis;Saccharibacteria_genera_incertae_sedis;Saccharibacteria_genera_incertae_sedis;
OTU_35	0	0	0	0	3.98605461940732	0	0.00434744804799583	0	0.0114161767224157	0	0	0.00960338038989724	0.0103177878662815	0	0	0.00463520904792806	0	0	0	4.33023255813954	2.50479697142561	0	0	2.76635330983157	Bacteria;Bacteroidetes;Bacteroidia;Bacteroidales;Porphyromonadaceae;Parabacteroides;
OTU_71	0	0	0	0	0.910323455355413	0	0	0	0	0	0	0	0	0	0	0	0	0	0	0.981395348837209	0.451174609759892	0	0	0.577751664708186	Bacteria;Firmicutes;Clostridia;Clostridiales;;;
OTU_364	0	0	0	0	0.550067790044548	0	0	0	0	0	0	0	0	0	0	0	0	0	0	0.2	0.165949281750765	0	0	0.0685468076772425	Bacteria;Candidatus Saccharibacteria;Saccharibacteria_genera_incertae_sedis;Saccharibacteria_genera_incertae_sedis;Saccharibacteria_genera_incertae_sedis;Saccharibacteria_genera_incertae_sedis;
OTU_121	0	0	0	0	0.600426108851443	0	0	0	0	0	0	0	0	0	0	0	0	0	0	0.0930232558139535	0.0985323860395167	0	0	0.0783392087739914	Bacteria;;;;;;
