Pass 1, 167 OTUs with strong cross-talk, med. rate 0.002030
  Min  0.000059
  LoQ  0.000579
  Med  0.002030
  Avg  0.004843
  HiQ  0.008271
  Max  0.019917

       Otu      Freq     Size  SumSmall  N_big  N_small
     Zotu1  0.000092   229042        21     35        8
     Zotu2  0.000078   205432        16     35        7
     Zotu3  0.000130   176972        23     35        9
     Zotu4  0.000103   145895        15     18       12
     Zotu5  0.000134   142034        19     34        6
     Zotu6  0.000260   119072        31     33       11
     Zotu8  0.000211   113697        24     33       10
     Zotu7  0.000135   111352        15     18        9
     Zotu9  0.000059   102304         6     18        6
    Zotu10  0.000296   101226        30     33        6
    Zotu11  0.000340    91079        31     12       18
    Zotu12  0.000090    88559         8     18        7
    Zotu13  0.000268    78268        21     12       14
    Zotu14  0.000270    77918        21     16        8
    Zotu15  0.000136    66298         9     18        9
    Zotu17  0.000297    63971        19     31        6
    Zotu16  0.000319    62755        20     12       13
    Zotu18  0.000136    58633         8     18        7
    Zotu19  0.000360    58383        21     15       10
    Zotu20  0.000156    57636         9     18        7
    Zotu21  0.000239    54405        13     12        7
    Zotu22  0.000258    54197        14     15        7
    Zotu23  0.000284    45821        13     14        7
    Zotu24  0.000320    43789        14     11       10
    Zotu25  0.000198    40386         8     11        8
    Zotu26  0.000202    34585         7     14        5
    Zotu27  0.000145    34377         5     10        5
    Zotu28  0.000181    33221         6      9        3
    Zotu29  0.000154    32452         5     15        4
    Zotu30  0.000257    31073         8     14        2
    Zotu31  0.000302    29770         9      9        5
    Zotu32  0.000340    29380        10     12        7
    Zotu33  0.000588    28905        17      8        9
    Zotu36  0.000933    26788        25      7       10
    Zotu34  0.000456    26288        12      9        5
    Zotu35  0.000522    24915        13      8        6
    Zotu40  0.001579    22802        36      7       13
    Zotu38  0.000225    22173         5      9        3
    Zotu37  0.000498    22109        11      9        7
    Zotu42  0.001182    21991        26     17        5
    Zotu39  0.000640    21874        14      8       11
    Zotu45  0.000885    20345        18      7        7
    Zotu47  0.001532    20238        31     13        8
    Zotu50  0.000652    19935        13     14        4
    Zotu41  0.000310    19349         6      6        4
    Zotu52  0.001983    18662        37     12        8
    Zotu44  0.000644    18629        12      5        6
    Zotu51  0.002074    18318        38      8       10
    Zotu43  0.000848    17683        15      9        7
    Zotu53  0.000683    17572        12      7        8
    Zotu48  0.001056    17047        18      5        7
    Zotu54  0.002830    16961        48      6       10
    Zotu46  0.000060    16752         1     10        1
    Zotu49  0.000863    16231        14      9        4
    Zotu60  0.000829    15676        13      6        4
    Zotu56  0.001109    15336        17      5        7
    Zotu55  0.001225    14692        18      9        5
    Zotu57  0.000963    14545        14      5        7
    Zotu63  0.002040    14216        29      6        7
    Zotu58  0.000792    13891        11      5        5
    Zotu61  0.001481    13507        20      7        9
    Zotu59  0.001559    13474        21      5       10
    Zotu65  0.001961    13259        26      8        6
    Zotu66  0.003185    13188        42     11       10
    Zotu64  0.001341    12677        17      7        7
    Zotu69  0.003589    12539        45      8        8
    Zotu68  0.001280    12497        16      5        3
    Zotu71  0.002906    12388        36     10       10
    Zotu62  0.001318    12139        16      5        7
    Zotu70  0.002105    11878        25      6        6
    Zotu76  0.003224    11477        37      6       10
    Zotu72  0.001559    10904        17      7        6
    Zotu78  0.002030    10838        22      7        6
    Zotu73  0.005130    10721        55      6       11
    Zotu77  0.005203    10571        55      5       14
    Zotu67  0.001241    10477        13      4        4
    Zotu79  0.002970    10102        30      5        7
    Zotu74  0.001253     9577        12      4        8
    Zotu83  0.005757     9554        55      5       13
    Zotu75  0.001303     9211        12      6        3
    Zotu86  0.004603     8908        41      3       10
    Zotu81  0.004368     8700        38      5        7
    Zotu89  0.003700     8649        32      5        6
    Zotu85  0.007175     8641        62      5       12
    Zotu80  0.008404     8567        72      5       15
    Zotu82  0.001463     8203        12      4        6
    Zotu90  0.003795     8169        31      5        7
    Zotu91  0.006711     8047        54      4       13
    Zotu87  0.006438     7922        51      3       11
    Zotu96  0.004419     7921        35      3       10
    Zotu99  0.006639     7833        52      4       10
    Zotu84  0.001422     7737        11      5        7
    Zotu88  0.008939     7607        68      3       20
    Zotu98  0.004343     7369        32      5        7
    Zotu97  0.008271     7254        60      1       12
    Zotu95  0.001670     7185        12      6        3
   Zotu101  0.010194     7161        73      6       22
    Zotu93  0.010488     7151        75      4       18
    Zotu94  0.002967     7078        21      4        5
   Zotu102  0.013477     6975        94      5       23
    Zotu92  0.010155     6893        70      3       17
   Zotu103  0.007746     6584        51      1       11
   Zotu100  0.004158     6494        27      2       10
   Zotu109  0.010630     6491        69      3       15
   Zotu106  0.008075     6068        49      3       13
   Zotu105  0.000495     6058         3      3        1
   Zotu126  0.012914     6040        78      2       18
   Zotu104  0.007832     5873        46      2       12
   Zotu110  0.014353     5713        82      2       19
   Zotu111  0.004244     5655        24      3        7
   Zotu114  0.013543     5538        75      5       21
   Zotu107  0.008777     5469        48      2       15
   Zotu108  0.003158     5384        17      4        5
   Zotu124  0.015067     5376        81      1       18
   Zotu112  0.000188     5313         1      2        1
   Zotu118  0.004213     5222        22      3        5
   Zotu113  0.009778     5216        51      1       14
   Zotu119  0.017992     5169        93      3       24
   Zotu117  0.001766     5097         9      3        2
   Zotu120  0.019329     5070        98      2       25
   Zotu115  0.010079     5060        51      0       12
   Zotu116  0.014511     4893        71      0       18
   Zotu139  0.016591     4822        80      3       22
   Zotu127  0.014186     4723        67      0       15
   Zotu121  0.014487     4694        68      1       15
   Zotu131  0.011020     4628        51      3        8
   Zotu141  0.010364     4535        47      2       15
   Zotu123  0.017160     4429        76      1       18
   Zotu130  0.001135     4406         5      2        3
   Zotu134  0.013055     4366        57      1       14
   Zotu136  0.011941     4271        51      1       12
   Zotu125  0.015052     4252        64      1       15
   Zotu143  0.014134     4245        60      0       16
   Zotu132  0.000474     4222         2      1        1
   Zotu129  0.018423     4071        75      0       17
   Zotu133  0.002467     4053        10      1        3
   Zotu137  0.014843     3975        59      0       14
   Zotu140  0.014020     3923        55      1       17
   Zotu144  0.011753     3914        46      1       14
   Zotu138  0.019917     3866        77      1       21
   Zotu135  0.019196     3855        74      1       15
   Zotu151  0.008375     3582        30      0       11
   Zotu166  0.017772     3545        63      2       19
   Zotu152  0.003458     3470        12      0        4
   Zotu147  0.000866     3466         3      1        1
   Zotu150  0.000579     3455         2      1        1
   Zotu162  0.013431     3425        46      0       13
   Zotu148  0.015713     3373        53      0       14
   Zotu180  0.013562     3318        45      0       11
   Zotu159  0.003138     3187        10      0        5
   Zotu168  0.004884     3071        15      2        4
   Zotu156  0.000656     3049         2      1        2
   Zotu177  0.019169     2817        54      0       16
   Zotu178  0.014936     2812        42      0       16
   Zotu192  0.004656     2792        13      0        4
   Zotu174  0.002150     2791         6      1        1
   Zotu181  0.015108     2780        42      0       10
   Zotu182  0.001850     2703         5      1        2
   Zotu171  0.004542     2642        12      1        4
   Zotu169  0.000762     2625         2      1        1
   Zotu191  0.001195     2510         3      1        2
   Zotu197  0.001211     2478         3      1        2
   Zotu199  0.002875     2435         7      1        2
   Zotu209  0.006996     2430        17      1        5
   Zotu183  0.002138     2339         5      2        3
   Zotu206  0.001727     2316         4      1        2
   Zotu214  0.003263     2145         7      1        1
